49 648
49 648
49 648
49 648
49 648
49 648
49 648
49 648
49 648
49 648
49 648
49 648
49 648
49 648
49 648
49 648
49 648
49 648
49 648
49 648
49 648
49 648
49 648
49 648
49 648
49 648
49 648
49 648
49 648
49 648
49 648
49 648
49 648
49 648
49 648
49 648
49 648
49 648
49 648
49 648
49 648
49 648
49 648
49 648
49 648
49 648
49 648
49 648
49 648
49 648
49 648
49 648
49 648
49 648
49 648
49 648
49 648
49 648
49 648
49 648
49 648
49 648
49 648
49 648
49 648
49 648
49 648
49 648
49 648
49 648
49 648
49 648
49 648
49 648
49 648
49 648
49 648
49 648
49 648
49 648
49 648
49 648
49 648
49 648
49 648
49 648
49 648
49 648
49 648
49 648
49 648
49 648
49 648
49 648
49 648
49 648
49 648
49 648
49 648
49 648
90 995
90 995
90 995
90 995
90 995
90 996
90 996
90 996
90 996
90 996
90 996
90 996
90 996
90 996
90 996
90 996
90 996
90 996
90 997
90 997
90 997
90 997
90 997
90 997
90 997
90 997
90 997
90 997
90 997
90 997
90 997
90 997
90 997
90 997
90 997
90 997
90 997
90 997
90 997
90 997
90 997
90 997
90 997
90 997
90 997
90 997
90 997
90 997
90 997
90 997
90 997
90 997
90 997
90 997
90 997
90 997
90 997
90 997
90 997
90 997
90 997
90 997
90 997
90 997
90 997
90 997
90 998
90 998
90 998
90 999
90 999
90 999
90 999
90 999
90 999
90 999
90 999
90 999
90 999
90 999
90 999
90 999
90 999
90 999
90 999
90 999
90 999
90 999
90 999
90 999
90 999
90 999
90 999
90 999
90 999
90 999
90 999
90 999
90 999
90 999
62 998
62 998
62 998
62 998
62 998
62 998
62 998
62 998
62 998
62 998
62 998
62 998
62 998
62 998
62 998
62 998
62 998
62 998
62 998
62 998
62 998
62 998
62 998
62 998
62 998
62 998
62 998
62 998
62 998
62 998
62 998
62 998
62 998
62 998
62 998
62 998
62 998
62 998
62 998
62 998
62 998
62 998
62 998
62 998
62 998
62 998
62 998
62 998
62 998
62 998
62 998
62 998
62 998
62 998
62 998
62 998
62 998
62 998
62 998
62 998
62 998
62 998
62 998
62 998
62 998
62 998
62 998
62 997
62 997
62 997
62 997
62 997
62 997
62 997
62 997
62 997
62 997
62 997
62 997
62 997
62 997
62 997
62 997
62 997
62 997
62 997
62 997
62 997
62 997
62 997
62 998
62 998
62 998
62 998
62 998
62 998
62 998
62 998
62 998
62 998
98 376
98 376
98 376
98 376
98 376
98 376
98 376
98 376
98 376
98 376
98 376
98 376
98 376
98 376
98 376
98 376
98 376
98 376
98 376
98 376
98 376
98 376
98 376
98 376
98 376
98 376
98 376
98 376
98 376
98 376
98 376
98 376
98 376
98 376
98 376
98 376
98 376
98 376
98 375
98 375
98 375
98 375
98 375
98 375
98 375
98 375
98 375
98 375
98 375
98 375
98 375
98 375
98 375
98 375
98 375
98 375
98 375
98 375
98 375
98 375
98 375
98 375
98 375
98 375
98 375
98 375
98 375
98 375
98 375
98 375
98 375
98 375
98 375
98 375
98 375
98 375
98 375
98 375
98 375
98 375
98 375
98 375
98 375
98 375
98 375
98 375
98 375
98 375
98 375
98 375
98 375
98 375
98 375
98 375
98 375
98 375
98 375
98 375
98 375
98 375
4 213
4 213
4 213
4 213
4 213
4 213
4 213
4 213
4 213
4 213
4 213
4 213
4 213
4 213
4 213
4 213
4 213
4 213
4 213
4 213
4 213
4 213
4 213
4 213
4 213
4 213
4 213
4 213
4 213
4 213
4 213
4 213
4 213
4 213
4 213
4 213
4 5
4 5
4 4
4 4
4 4
4 4
4 4
4 4
4 4
4 4
4 4
4 4
4 4
4 4
4 4
4 4
4 4
4 4
4 4
4 4
4 4
4 4
4 4
4 4
4 4
4 4
4 4
4 4
4 4
4 4
4 4
4 4
4 4
4 4
4 4
4 3
4 3
4 3
4 5
4 5
4 5
4 5
4 5
4 5
4 5
4 5
4 5
4 5
4 5
4 5
4 5
4 5
4 5
4 5
4 5
4 5
4 5
4 5
4 5
4 5
4 4
4 4
4 4
4 4
0 653
0 653
0 653
0 653
0 653
0 653
0 653
0 653
0 653
0 653
0 653
0 653
0 653
0 653
0 653
0 653
0 653
0 653
0 653
0 653
0 653
0 653
0 653
0 653
0 653
0 653
0 653
0 653
0 653
0 653
0 653
0 653
0 653
0 653
0 653
0 653
0 653
0 653
0 653
0 653
0 653
0 653
0 653
0 653
0 653
0 653
0 653
0 653
0 653
0 653
0 653
0 653
0 653
0 653
0 653
0 653
0 653
0 653
0 653
0 653
0 653
0 653
0 653
0 653
0 653
0 653
0 653
0 653
0 653
0 653
0 653
0 653
0 653
0 653
0 653
0 653
0 653
0 653
0 653
0 653
0 653
0 653
0 653
0 653
0 653
0 653
0 653
0 653
0 653
0 653
0 653
0 653
0 653
0 653
0 653
0 653
0 653
0 653
0 653
0 653
43 692
43 692
43 692
43 692
43 692
43 692
43 692
43 692
43 692
43 692
43 692
43 692
43 692
43 692
43 692
43 692
43 692
43 692
43 692
43 692
43 692
43 692
43 693
43 693
43 693
43 693
43 693
43 693
43 693
43 693
43 693
43 693
43 693
43 693
43 693
43 693
43 693
43 693
43 693
43 693
43 693
43 693
43 693
43 693
43 693
43 693
43 693
43 693
43 693
43 693
43 693
43 693
43 693
43 693
43 693
43 693
43 693
43 693
43 693
43 693
43 693
43 693
43 693
43 693
43 693
43 694
43 694
43 694
43 694
43 694
43 694
43 694
43 694
43 694
43 694
43 694
43 694
43 694
43 694
43 694
43 694
43 694
43 694
43 694
43 694
43 694
43 694
43 694
43 694
43 695
43 695
43 695
43 695
43 695
43 695
43 695
43 695
43 695
43 695
43 695
39 913
39 913
39 913
39 913
39 913
39 913
39 913
39 913
39 913
39 913
39 913
39 913
39 913
39 913
39 913
39 913
39 913
39 913
39 913
39 913
39 913
39 913
39 913
39 913
39 913
39 913
39 913
39 913
39 913
39 913
39 913
39 913
39 913
39 913
39 913
39 913
39 913
39 913
39 913
39 913
39 913
39 913
39 913
39 913
39 913
39 913
39 913
39 913
39 913
39 913
39 913
39 913
39 913
39 913
39 913
39 913
39 913
39 913
39 913
39 913
39 913
39 913
39 913
39 913
39 913
39 913
39 913
39 913
39 913
39 913
39 913
39 913
39 913
39 913
39 913
39 913
39 913
39 913
39 913
39 913
39 913
39 913
39 913
39 913
39 913
39 913
39 913
39 913
39 913
39 913
39 913
39 913
39 913
39 913
39 913
39 913
39 913
39 913
39 913
39 913
8 343
8 343
8 343
8 343
8 343
8 343
8 343
8 343
8 343
8 343
8 343
8 343
8 343
8 343
8 343
8 344
8 344
8 344
8 344
8 344
8 344
8 344
8 344
8 344
8 344
8 344
8 344
8 344
8 344
8 344
8 344
8 344
8 344
8 344
8 344
8 344
8 344
8 344
8 344
8 344
8 344
8 344
8 344
8 344
8 344
8 344
8 344
8 344
8 344
8 344
8 344
8 344
8 344
8 344
8 344
8 344
8 344
8 344
8 344
8 344
8 344
8 344
8 344
8 344
8 344
8 344
8 344
8 344
8 345
8 345
8 345
8 345
8 345
8 345
8 345
8 345
8 345
8 345
8 345
8 345
8 345
8 345
8 345
8 345
8 346
8 346
8 346
8 346
8 346
8 347
8 347
8 347
8 347
8 347
8 347
8 347
8 347
8 347
8 347
8 347
32 732
32 732
32 732
32 732
32 732
32 732
32 732
32 732
32 732
32 732
32 732
32 732
32 732
32 732
32 732
32 732
32 732
32 732
32 732
32 732
32 732
32 732
32 732
32 732
32 732
32 732
32 732
32 732
32 732
32 732
32 732
32 732
32 732
32 732
32 732
32 732
32 732
32 732
32 732
32 732
32 732
32 732
32 732
32 732
32 732
32 732
32 732
32 732
32 732
32 732
32 732
32 732
32 732
32 732
32 732
32 732
32 732
32 732
32 732
32 732
32 732
32 732
32 732
32 732
32 732
32 732
32 732
32 732
32 732
32 732
32 732
32 732
32 732
32 732
32 732
32 732
32 732
32 732
32 732
32 732
32 732
32 732
32 732
32 732
32 732
32 732
32 732
32 732
32 732
32 733
32 733
32 733
32 733
32 733
32 733
32 733
32 733
32 733
32 733
32 733
81 216
81 216
81 216
81 216
81 216
81 216
81 216
81 215
81 215
81 215
81 215
81 215
81 215
81 215
81 215
81 215
81 215
81 215
81 215
81 215
81 215
81 215
81 682
81 682
81 682
81 682
81 682
81 682
81 682
81 682
81 682
81 682
81 682
81 682
81 682
81 682
81 682
81 682
81 682
81 682
81 682
81 682
81 682
81 682
81 682
81 682
81 682
81 682
81 682
81 682
81 682
81 682
81 682
81 682
81 682
81 682
81 682
81 682
81 682
81 682
81 682
81 682
81 682
81 682
81 682
81 682
81 682
81 682
81 682
81 682
81 682
81 682
81 682
81 682
81 682
81 682
81 682
81 682
81 682
81 682
81 682
81 682
81 682
81 682
81 682
81 682
81 682
81 682
81 682
81 682
81 682
81 682
81 682
81 682
81 682
81 682
81 682
81 682
81 682
81 682
93 2
93 2
93 2
93 2
93 2
93 2
93 2
93 2
93 2
93 2
93 2
93 2
93 2
93 3
93 3
93 3
93 3
93 3
93 3
93 3
93 3
93 3
93 3
93 3
93 3
93 3
93 3
93 3
93 3
93 3
93 3
93 3
93 3
93 3
93 3
93 3
93 3
93 3
93 3
93 3
93 3
93 3
93 3
93 3
93 3
93 3
93 3
93 3
93 3
93 3
93 3
93 3
93 3
93 3
93 3
93 3
93 3
93 3
93 3
93 3
93 3
93 3
93 3
93 3
93 3
93 3
93 3
93 3
93 3
93 3
93 3
93 3
93 3
93 3
93 3
93 3
93 3
93 3
93 3
93 3
93 3
93 3
93 3
93 3
93 3
93 3
93 3
93 3
93 3
93 3
93 3
93 3
93 3
93 3
93 3
93 3
93 3
93 3
93 3
93 3
8 347
8 347
8 347
8 347
8 347
8 347
8 347
8 347
8 347
8 347
8 347
8 347
8 347
8 347
8 347
8 347
8 347
8 347
8 347
8 347
8 347
8 347
8 347
8 347
8 347
8 347
8 348
8 348
8 348
8 348
8 348
8 348
8 348
8 348
8 348
8 348
8 348
8 348
8 348
8 348
8 348
8 348
8 348
8 348
8 348
8 348
8 348
8 348
8 348
8 348
8 348
8 348
8 348
8 348
8 348
8 348
8 348
8 348
8 348
8 348
8 348
8 348
8 347
8 347
8 347
8 347
8 347
8 347
8 347
8 347
8 347
8 347
8 347
8 346
8 346
8 346
8 346
8 346
8 346
8 346
8 346
8 346
8 346
8 346
8 346
8 346
8 346
8 346
8 346
8 346
8 346
8 346
8 346
8 346
8 346
8 346
8 346
8 346
8 346
8 346
69 726
69 726
69 726
69 726
69 726
69 726
69 726
69 726
69 726
69 726
69 726
69 726
69 726
69 726
69 726
69 726
69 726
69 726
69 726
69 726
69 726
69 726
69 726
69 726
69 726
69 726
69 726
69 726
69 726
69 726
69 726
69 726
69 726
69 725
69 725
69 725
69 725
69 725
69 725
69 725
69 725
69 725
69 725
69 725
69 725
69 725
69 725
69 725
69 725
69 725
69 725
69 725
69 725
69 725
69 725
69 725
69 725
69 725
69 725
69 725
69 725
69 725
69 725
69 725
69 725
69 725
69 725
69 725
69 725
69 725
69 725
69 725
69 725
69 725
69 725
69 725
69 725
69 725
69 724
69 724
69 724
69 724
69 724
69 724
69 724
69 724
69 724
69 724
69 724
69 724
69 724
69 724
69 724
69 724
69 724
69 724
69 724
69 724
69 724
69 724
6 523
6 523
6 523
6 523
6 523
6 523
6 523
6 523
6 523
6 522
6 522
6 522
6 522
6 522
6 522
6 522
6 522
6 522
6 522
6 522
6 522
6 522
6 522
6 522
6 522
6 522
6 523
6 523
6 523
6 523
6 523
6 523
6 523
6 523
6 523
6 523
6 523
6 523
6 523
6 523
6 523
6 523
6 523
6 523
6 523
6 523
6 523
6 523
6 523
6 523
6 523
6 523
6 523
6 523
6 523
6 523
6 523
6 523
6 523
6 523
6 523
6 523
6 523
6 523
6 523
6 523
6 523
6 523
6 523
6 523
6 523
6 523
6 523
6 523
6 523
6 523
6 523
6 523
6 523
6 523
6 523
6 523
6 523
6 523
6 523
6 523
6 523
6 523
6 523
6 523
6 523
6 523
6 523
6 523
6 523
6 523
6 523
6 523
6 523
6 523
46 9
46 9
46 9
46 9
46 9
46 9
46 9
46 9
46 9
46 10
46 10
46 10
46 10
46 10
46 10
46 10
46 10
46 10
46 10
46 10
46 10
46 10
46 10
46 10
46 10
46 10
46 10
46 10
46 10
46 10
46 10
46 10
46 10
46 10
46 11
46 11
46 11
46 11
46 11
46 11
46 11
46 11
46 11
46 11
46 11
46 11
46 11
46 11
46 11
46 11
46 11
46 11
46 11
46 11
46 11
46 11
46 11
46 11
46 11
46 11
46 11
46 11
46 11
46 11
46 11
46 11
46 11
46 11
46 11
46 11
46 11
46 11
46 11
46 11
46 11
46 11
46 11
46 10
46 10
46 10
46 10
46 10
46 10
46 10
46 10
46 10
46 10
46 10
46 10
46 10
46 10
46 10
46 10
46 10
46 10
46 10
46 10
46 10
46 10
46 10
33 477
33 477
33 477
33 477
33 477
33 477
33 477
33 477
33 477
33 477
33 477
33 477
33 477
33 477
33 477
33 477
33 477
33 477
33 476
33 476
33 476
33 476
33 476
33 476
33 476
33 476
33 476
33 476
33 476
33 476
33 476
33 476
33 476
33 476
33 476
33 476
33 476
33 476
33 476
33 476
33 476
33 476
33 476
33 476
33 476
33 476
33 476
33 476
33 476
33 476
33 476
33 476
33 476
33 476
33 476
33 476
33 476
33 476
33 476
33 476
33 476
33 476
33 476
33 476
33 476
33 476
33 476
33 476
33 476
33 476
33 476
33 475
33 475
33 475
33 475
33 475
33 475
33 475
33 475
33 475
33 475
33 475
33 475
33 475
33 475
33 474
33 474
33 474
33 474
33 474
33 474
33 474
33 474
33 474
33 474
33 474
33 474
33 474
33 474
33 474
65 229
65 229
65 229
65 229
65 229
65 229
65 229
65 229
65 229
65 229
65 229
65 229
65 229
65 229
65 229
65 229
65 229
65 229
65 229
65 229
65 229
65 229
65 229
65 229
65 229
65 229
65 229
65 229
65 229
65 229
65 229
65 229
65 230
65 230
65 230
65 230
65 230
65 230
65 230
65 229
65 229
65 230
65 230
65 230
65 230
65 230
65 230
65 230
65 230
65 230
65 230
65 231
65 231
65 231
65 231
65 231
65 231
65 231
65 231
65 231
65 231
65 231
65 231
65 231
65 231
65 231
65 231
65 231
65 231
65 231
65 231
65 231
65 231
65 231
65 231
65 231
65 231
65 231
65 231
65 231
65 231
65 231
65 231
65 231
65 231
65 231
65 231
65 231
65 231
65 231
65 231
65 231
65 231
65 231
65 231
65 231
65 231
65 231
65 231
65 231
89 335
89 335
89 335
89 335
89 335
89 335
89 335
89 335
89 335
89 335
89 335
89 335
89 335
89 335
89 335
89 335
89 335
89 335
89 335
89 335
89 335
89 335
89 335
89 335
89 335
89 335
89 335
89 335
89 335
89 335
89 335
89 335
89 335
89 335
89 335
89 335
89 335
89 335
89 335
89 335
89 335
89 335
89 335
89 335
89 335
89 335
89 335
89 335
89 335
89 335
89 335
89 335
89 335
89 335
89 335
89 335
89 335
89 335
89 335
89 335
89 335
89 335
89 335
89 335
89 335
89 335
89 335
89 335
89 335
89 335
89 335
89 335
89 335
89 335
89 335
89 335
89 335
89 335
89 335
89 335
89 335
89 335
89 335
89 335
89 335
89 335
89 335
89 335
89 335
89 335
89 335
89 335
89 335
89 335
89 335
89 334
89 334
89 334
89 334
89 334
99 802
99 802
99 802
99 802
99 802
99 802
99 802
99 802
99 802
99 802
99 802
99 802
99 802
99 802
99 802
99 802
99 802
99 802
99 802
99 802
99 802
99 802
99 802
99 802
99 802
99 802
99 802
99 802
99 802
99 802
99 802
99 802
99 802
99 802
99 802
99 802
99 802
99 802
99 802
99 802
99 802
99 802
99 802
99 802
99 802
99 802
99 802
99 802
99 802
99 802
99 802
99 802
99 802
99 802
99 802
99 802
99 802
99 802
99 802
99 802
99 802
99 802
99 802
99 802
99 802
99 802
99 802
99 802
99 802
99 802
99 802
99 803
99 803
99 803
99 803
99 803
99 803
99 803
99 803
99 803
99 803
99 803
99 803
99 803
99 803
99 803
99 803
99 803
99 803
99 803
99 803
99 804
99 804
99 804
99 804
99 804
99 804
99 803
99 803
99 803
94 494
94 494
94 494
94 494
94 494
94 494
94 494
94 494
94 494
94 494
94 494
94 494
94 494
94 494
94 494
94 494
94 494
94 494
94 494
94 494
94 494
94 494
94 494
94 494
94 494
94 494
94 494
94 494
94 494
94 494
94 494
94 494
94 494
94 494
94 494
94 495
94 495
94 495
94 495
94 495
94 495
94 495
94 495
94 495
94 495
94 495
94 495
94 495
94 495
94 495
94 495
94 495
94 495
94 495
94 495
94 495
94 495
94 494
94 494
94 494
94 494
94 494
94 494
94 494
94 494
94 494
94 494
94 494
94 494
94 494
94 494
94 494
94 494
94 494
94 494
94 494
94 494
94 494
94 494
94 494
94 494
94 494
94 494
94 494
94 494
94 494
94 494
94 494
94 494
94 494
94 494
94 494
94 494
94 494
94 493
94 493
94 493
94 493
94 493
94 493
17 463
17 463
17 463
17 463
17 463
17 463
17 463
17 463
17 463
17 463
17 463
17 462
17 462
17 461
17 461
17 461
17 461
17 461
17 461
17 461
17 462
17 462
17 462
17 462
17 462
17 462
17 462
17 462
17 462
17 462
17 462
17 462
17 462
17 462
17 462
17 462
17 462
17 462
17 462
17 462
17 462
17 462
17 462
17 462
17 462
17 462
17 462
17 462
17 462
17 462
17 462
17 462
17 462
17 462
17 462
17 462
17 462
17 462
17 462
17 462
17 462
17 462
17 463
17 463
17 463
17 463
17 463
17 463
17 463
17 463
17 463
17 463
17 463
17 463
17 463
17 463
17 463
17 463
17 463
17 463
17 463
17 462
17 462
17 462
17 462
17 462
17 462
17 462
17 462
17 462
17 462
17 462
17 462
17 462
17 462
17 462
17 462
17 462
17 462
17 462
56 716
56 716
56 716
56 716
56 716
56 716
56 716
56 716
56 716
56 716
56 716
56 716
56 716
56 716
56 715
56 715
56 715
56 715
56 715
56 715
56 715
56 715
56 715
56 715
56 716
56 716
56 716
56 716
56 716
56 716
56 716
56 716
56 716
56 716
56 716
56 716
56 716
56 716
56 716
56 716
56 716
56 716
56 716
56 716
56 716
56 716
56 716
56 716
56 716
56 716
56 716
56 716
56 716
56 716
56 716
56 716
56 716
56 716
56 716
56 716
56 716
56 716
56 716
56 716
56 716
56 716
56 716
56 716
56 715
56 715
56 715
56 715
56 715
56 715
56 715
56 715
56 715
56 715
56 715
56 715
56 715
56 715
56 715
56 715
56 715
56 715
56 715
56 715
56 715
56 715
56 715
56 715
56 715
56 715
56 715
56 715
56 715
56 715
56 715
56 715
76 692
76 692
76 692
76 692
76 692
76 692
76 692
76 692
76 692
76 692
76 692
76 692
76 692
76 692
76 692
76 692
76 692
76 693
76 693
76 693
76 693
76 693
76 693
76 693
76 693
76 693
76 693
76 693
76 693
76 693
76 693
76 693
76 693
76 693
76 693
76 693
76 693
76 693
76 693
76 693
76 693
76 693
76 693
76 693
76 693
76 693
76 693
76 693
76 693
76 693
76 693
76 693
76 693
76 693
76 693
76 693
76 693
76 693
76 693
76 693
76 693
76 693
76 693
76 693
76 693
76 693
76 693
76 693
76 693
76 693
76 693
76 693
76 693
76 693
76 693
76 693
76 693
76 693
76 693
76 693
76 693
76 693
76 693
76 693
76 693
76 693
76 693
76 693
76 693
76 693
76 693
76 693
76 693
76 693
76 693
76 693
76 693
76 693
76 693
76 693
38 61
38 61
38 61
38 61
38 61
38 61
38 61
38 61
38 61
38 61
38 61
38 61
38 61
38 61
38 61
38 61
38 61
38 61
38 61
38 61
38 61
38 61
38 61
38 61
38 61
38 61
38 61
38 61
38 61
38 61
38 61
38 61
38 61
38 61
38 61
38 61
38 61
38 61
38 61
38 61
38 62
38 62
38 62
38 62
38 62
38 62
38 62
38 62
38 62
38 62
38 62
38 62
38 62
38 62
38 62
38 62
38 62
38 62
38 62
38 62
38 62
38 62
38 62
38 62
38 62
38 62
38 62
38 62
38 62
38 62
38 62
38 62
38 62
38 62
38 62
38 62
38 62
38 62
38 62
38 62
38 62
38 62
38 62
38 62
38 62
38 62
38 62
38 62
38 62
38 62
38 62
38 62
38 62
38 62
38 62
38 62
38 62
38 62
38 62
38 62
98 375
98 375
98 375
98 375
98 375
98 375
98 375
98 375
98 375
98 375
98 375
98 375
98 375
98 375
98 375
98 375
98 375
98 375
98 375
98 375
98 375
98 375
98 375
98 375
98 375
98 375
98 375
98 375
98 375
98 375
98 375
98 375
98 375
98 375
98 375
98 375
98 375
98 375
98 375
98 375
98 375
98 375
98 375
98 375
98 375
98 375
98 375
98 375
98 375
98 375
98 375
98 375
98 375
98 375
98 375
98 375
98 375
98 375
98 375
98 375
98 375
98 375
98 375
98 375
98 375
98 375
98 375
98 375
98 375
98 375
98 375
98 375
98 375
98 375
98 375
98 375
98 375
98 375
98 375
98 375
98 375
98 375
98 375
98 375
98 375
98 375
98 375
98 375
98 375
98 375
98 375
98 376
98 376
98 376
98 376
98 376
98 376
98 376
98 376
98 376
12 223
12 223
12 223
12 223
12 223
12 223
12 223
12 223
12 223
12 223
12 223
12 223
12 223
12 223
12 223
12 223
12 223
12 223
12 223
12 223
12 223
12 223
12 223
12 223
12 223
12 223
12 223
12 223
12 223
12 223
12 223
12 223
12 223
12 223
12 223
12 223
12 223
12 223
12 223
12 223
12 223
12 223
12 223
12 223
12 223
12 223
12 223
12 223
12 223
12 223
12 223
12 223
12 223
12 223
12 223
12 223
12 223
12 223
12 223
12 223
12 223
12 223
12 223
12 223
12 223
12 223
12 223
12 223
12 223
12 223
12 223
12 223
12 223
12 222
12 222
12 222
12 222
12 222
12 222
12 222
12 222
12 222
12 222
12 222
12 222
12 222
12 222
12 222
12 222
12 222
12 222
12 222
12 222
12 222
12 222
12 222
12 222
12 222
12 222
12 222
75 301
75 301
75 301
75 301
75 301
75 301
75 301
75 301
75 301
75 301
75 301
75 301
75 301
75 301
75 301
75 301
75 301
75 301
75 301
75 301
75 301
75 301
75 301
75 301
75 301
75 301
75 301
75 301
75 301
75 301
75 301
75 301
75 301
75 301
75 301
75 301
75 301
75 301
75 301
75 301
75 301
75 301
75 301
75 301
75 301
75 301
75 301
75 301
75 301
75 301
75 301
75 301
75 301
75 301
75 301
75 300
75 300
75 300
75 300
75 300
75 300
75 300
75 300
75 300
75 300
75 300
75 300
75 300
75 300
75 300
75 300
75 300
75 300
75 300
75 300
75 300
75 300
75 300
75 300
75 300
75 300
75 300
75 300
75 300
75 300
75 300
75 300
75 300
75 300
75 300
75 300
75 300
75 300
75 300
75 300
75 300
75 300
75 300
75 300
75 300
41 935
41 935
41 935
41 935
41 935
41 935
41 935
41 935
41 935
41 935
41 935
41 935
41 935
41 935
41 935
41 935
41 935
41 935
41 935
41 935
41 935
41 935
41 935
41 935
41 935
41 935
41 935
41 935
41 935
41 935
41 935
41 935
41 935
41 935
41 935
41 935
41 935
41 935
41 935
41 934
41 934
41 934
41 934
41 934
41 934
41 934
41 934
41 934
41 934
41 934
41 934
41 934
41 934
41 934
41 934
41 934
41 934
41 934
41 934
41 934
41 934
41 934
41 933
41 933
41 933
41 933
41 933
41 933
41 933
41 933
41 933
41 933
41 933
41 933
41 933
41 933
41 933
41 933
41 933
41 933
41 933
41 933
41 933
41 933
41 933
41 933
41 933
41 933
41 933
41 933
41 933
41 933
41 933
41 933
41 933
41 933
41 933
41 933
41 933
41 933
39 913
39 913
39 913
39 913
39 913
39 913
39 913
39 913
39 913
39 913
39 913
39 913
39 913
39 913
39 913
39 913
39 913
39 913
39 913
39 913
39 913
39 913
39 913
39 913
39 913
39 913
39 913
39 913
39 913
39 913
39 913
39 913
39 913
39 913
39 913
39 913
39 913
39 913
39 913
39 913
39 913
39 913
39 913
39 913
39 913
39 913
39 913
39 913
39 913
39 913
39 914
39 914
39 914
39 914
39 914
39 914
39 914
39 914
39 914
39 914
39 914
39 914
39 914
39 914
39 914
39 914
39 914
39 914
39 914
39 914
39 914
39 914
39 914
39 914
39 914
39 914
39 914
39 914
39 914
39 915
39 915
39 915
39 915
39 915
39 915
39 915
39 915
39 915
39 915
39 915
39 915
39 915
39 915
39 915
39 915
39 915
39 915
39 915
39 915
39 915
27 108
27 108
27 108
27 108
27 108
27 108
27 108
27 108
27 108
27 108
27 108
27 108
27 108
27 108
27 108
27 108
27 108
27 108
27 108
27 108
27 108
27 108
27 108
27 108
27 108
27 108
27 108
27 108
27 108
27 108
27 108
27 108
27 108
27 108
27 108
27 108
27 108
27 108
27 108
27 108
27 108
27 108
27 108
27 108
27 108
27 108
27 108
27 108
27 108
27 108
27 108
27 108
27 108
27 108
27 108
27 108
27 108
27 108
27 108
27 108
27 108
27 108
27 108
27 108
27 108
27 108
27 108
27 108
27 108
27 108
27 108
27 108
27 108
27 108
27 108
27 108
27 108
27 108
27 108
27 108
27 108
27 108
27 108
27 108
27 109
27 109
27 109
27 109
27 109
27 109
27 109
27 109
27 109
27 109
27 109
27 109
27 109
27 109
27 109
27 109
42 708
42 708
42 708
42 708
42 708
42 708
42 708
42 708
42 708
42 708
42 708
42 708
42 708
42 708
42 708
42 708
42 708
42 708
42 708
42 708
42 708
42 708
42 708
42 708
42 708
42 708
42 708
42 708
42 708
42 708
42 708
42 708
42 708
42 708
42 708
42 708
42 708
42 708
42 708
42 708
42 708
42 708
42 708
42 708
42 708
42 708
42 708
42 708
42 708
42 708
42 708
42 708
42 708
42 708
42 708
42 708
42 708
42 708
42 708
42 708
42 709
42 709
42 709
42 709
42 709
42 709
42 709
42 709
42 709
42 709
42 709
42 709
42 709
42 709
42 709
42 709
42 709
42 709
42 709
42 709
42 709
42 709
42 709
42 709
42 709
42 709
42 709
42 709
42 709
42 709
42 709
42 709
42 709
42 709
42 709
42 709
42 709
42 709
42 709
42 709
82 501
82 501
82 501
82 501
82 501
82 501
82 500
82 500
82 500
82 500
82 500
82 500
82 500
82 500
82 500
82 500
82 500
82 500
82 500
82 500
82 500
82 500
82 500
82 500
82 500
82 500
82 500
82 500
82 500
82 500
82 500
82 500
82 500
82 500
82 500
82 500
82 500
82 500
82 500
82 500
82 500
82 500
82 500
82 500
82 500
82 500
82 500
82 500
82 500
82 499
82 498
82 498
82 498
82 498
82 498
82 498
82 498
82 498
82 498
82 498
82 498
82 498
82 498
82 498
82 498
82 498
82 497
82 497
82 497
82 497
82 497
82 497
82 497
82 497
82 497
82 497
82 497
82 497
82 497
82 497
82 497
82 497
82 497
82 497
82 497
82 497
82 497
82 497
82 497
82 497
82 497
82 497
82 497
82 496
82 496
82 496
82 496
82 496
82 496
82 496
90 999
90 999
90 999
90 999
90 999
90 999
90 999
90 999
90 999
90 999
90 999
90 999
90 999
90 999
90 999
90 999
90 999
90 999
90 999
90 999
90 999
90 999
90 999
90 999
90 999
90 999
90 999
90 999
90 999
90 999
90 999
90 999
90 999
90 999
90 999
90 999
90 999
90 999
90 999
90 999
90 999
90 999
90 999
90 999
90 999
90 999
90 999
90 999
90 999
90 999
90 999
90 999
90 999
90 999
90 999
90 999
90 999
90 999
90 999
90 999
90 999
90 999
90 999
90 999
90 999
90 999
90 999
90 999
90 999
90 999
90 999
90 999
90 999
90 999
90 999
90 999
90 999
90 999
90 999
90 999
90 999
90 999
90 999
90 999
90 999
90 999
90 999
90 999
90 999
90 999
90 999
90 999
90 999
90 999
90 999
90 999
90 999
90 999
90 999
90 999
92 541
92 541
92 541
92 541
92 541
92 541
92 541
92 541
92 541
92 541
92 541
92 541
92 541
92 541
92 541
92 541
92 541
92 541
92 541
92 541
92 541
92 45
92 45
92 45
92 45
92 45
92 45
92 45
92 45
92 45
92 45
92 45
92 45
92 45
92 45
92 45
92 45
92 45
92 45
92 45
92 45
92 45
92 45
92 45
92 45
92 45
92 45
92 45
92 44
92 44
92 44
92 44
92 44
92 44
92 44
92 44
92 44
92 44
92 44
92 44
92 44
92 44
92 44
92 44
92 44
92 44
92 44
92 44
92 44
92 44
92 44
92 44
92 44
92 44
92 44
92 44
92 44
92 44
92 44
92 44
92 44
92 44
92 44
92 44
92 43
92 43
92 43
92 43
92 43
92 43
92 43
92 43
92 43
92 43
92 43
92 43
92 43
92 43
92 43
92 43
38 62
38 62
38 61
38 61
38 61
38 61
38 62
38 62
38 62
38 62
38 62
38 62
38 62
38 62
38 62
38 62
38 62
38 63
38 63
38 63
38 63
38 63
38 63
38 63
38 63
38 63
38 63
38 63
38 63
38 63
38 63
38 63
38 63
38 63
38 63
38 63
38 63
38 63
38 63
38 63
38 63
38 63
38 63
38 63
38 63
38 63
38 63
38 63
38 63
38 63
38 63
38 63
38 63
38 63
38 63
38 63
38 63
38 63
38 63
38 63
38 64
38 64
38 64
38 64
38 64
38 64
38 64
38 63
38 63
38 63
38 63
38 63
38 63
38 63
38 63
38 63
38 63
38 63
38 63
38 63
38 63
38 63
38 63
38 63
38 63
38 63
38 63
38 63
38 63
38 63
38 63
38 63
38 63
38 63
38 63
38 63
38 63
38 63
38 63
38 63
42 709
42 709
42 709
42 709
42 709
42 709
42 709
42 709
42 709
42 709
42 709
42 709
42 709
42 709
42 709
42 709
42 709
42 708
42 708
42 708
42 708
42 708
42 708
42 708
42 708
42 708
42 708
42 708
42 708
42 708
42 708
42 708
42 708
42 708
42 708
42 708
42 708
42 708
42 708
42 708
42 708
42 708
42 708
42 708
42 708
42 708
42 708
42 708
42 708
42 708
42 708
42 708
42 708
42 708
42 708
42 708
42 708
42 708
42 708
42 708
42 708
42 708
42 708
42 708
42 708
42 708
42 708
42 708
42 708
42 708
42 708
42 708
42 708
42 708
42 708
42 708
42 708
42 708
42 708
42 708
42 708
42 708
42 708
42 708
42 708
42 708
42 708
42 708
42 708
42 708
42 708
42 708
42 708
42 708
42 708
42 708
42 708
42 708
42 708
42 707
36 422
36 422
36 422
36 422
36 422
36 422
36 422
36 422
36 422
36 422
36 422
36 422
36 422
36 422
36 422
36 422
36 422
36 422
36 422
36 422
36 422
36 422
36 422
36 422
36 422
36 422
36 422
36 422
36 422
36 423
36 423
36 423
36 423
36 423
36 423
36 423
36 423
36 423
36 423
36 423
36 423
36 423
36 423
36 423
36 423
36 423
36 423
36 423
36 423
36 423
36 424
36 424
36 424
36 424
36 424
36 424
36 424
36 424
36 424
36 424
36 424
36 424
36 424
36 424
36 424
36 424
36 424
36 424
36 424
36 424
36 424
36 424
36 424
36 424
36 424
36 424
36 424
36 424
36 424
36 424
36 424
36 424
36 424
36 424
36 424
36 424
36 424
36 424
36 424
36 424
36 424
36 424
36 424
36 424
36 424
36 424
36 424
36 424
36 424
36 424
77 757
77 757
77 757
77 757
77 757
77 757
77 757
77 757
77 757
77 757
77 757
77 757
77 757
77 757
77 757
77 757
77 757
77 757
77 757
77 757
77 757
77 757
77 757
77 757
77 757
77 757
77 757
77 757
77 757
77 757
77 757
77 757
77 757
77 757
77 757
77 757
77 757
77 757
77 757
77 757
77 757
77 757
77 757
77 757
77 757
77 757
77 757
77 757
77 757
77 757
77 757
77 757
77 757
77 757
77 757
77 757
77 757
77 757
77 757
77 757
77 757
77 757
77 757
77 757
77 757
77 757
77 757
77 757
77 757
77 757
77 757
77 757
77 757
77 757
77 757
77 757
77 757
77 757
77 757
77 757
77 757
77 757
77 757
77 757
77 757
77 757
77 757
77 757
77 757
77 757
77 757
77 757
77 757
77 757
77 757
77 757
77 757
77 757
77 757
77 757
50 580
50 580
50 580
50 580
50 580
50 580
50 580
50 580
50 580
50 580
50 580
50 580
50 580
50 580
50 580
50 580
50 580
50 580
50 580
50 580
50 580
50 580
50 580
50 580
50 579
50 579
50 579
50 579
50 579
50 579
50 579
50 579
50 579
50 579
50 579
50 579
50 579
50 579
50 579
50 579
50 579
50 579
50 579
50 578
50 578
50 578
50 578
50 577
50 577
50 577
50 577
50 577
50 577
50 577
50 577
50 577
50 577
50 577
50 577
50 577
50 577
50 577
50 577
50 577
50 577
50 577
50 577
50 577
50 577
50 577
50 577
50 577
50 577
50 577
50 577
50 577
50 578
50 578
50 578
50 578
50 578
50 578
50 578
50 578
50 578
50 578
50 578
50 578
50 578
50 578
50 578
50 578
50 578
50 578
50 578
50 578
50 578
50 578
50 578
50 578
20 872
20 872
20 872
20 872
20 872
20 872
20 872
20 872
20 872
20 872
20 872
20 872
20 872
20 872
20 872
20 872
20 872
20 872
20 872
20 872
20 872
20 872
20 872
20 872
20 872
20 872
20 872
20 872
20 872
20 872
20 872
20 872
20 872
20 872
20 872
20 872
20 872
20 872
20 872
20 872
20 872
20 872
20 872
20 872
20 872
20 872
20 872
20 872
20 872
20 872
20 872
20 872
20 872
20 872
20 872
20 872
20 872
20 872
20 872
20 872
20 872
20 872
20 872
20 872
20 872
20 872
20 872
20 872
20 872
20 872
20 872
20 872
20 872
20 872
20 872
20 872
20 872
20 872
20 872
20 872
20 872
20 872
20 872
20 872
20 872
20 872
20 872
20 871
20 871
20 871
20 871
20 871
20 871
20 871
20 871
20 871
20 871
20 871
20 871
20 871
11 755
11 755
11 755
11 755
11 755
11 755
11 755
11 755
11 755
11 755
11 755
11 755
11 755
11 755
11 755
11 755
11 755
11 755
11 756
11 756
11 756
11 756
11 756
11 756
11 756
11 756
11 756
11 756
11 756
11 756
11 756
11 756
11 756
11 756
11 756
11 756
11 756
11 756
11 756
11 756
11 756
11 756
11 756
11 756
11 756
11 756
11 756
11 756
11 757
11 757
11 757
11 757
11 757
11 757
11 757
11 757
11 757
11 757
11 757
11 757
11 757
11 757
11 757
11 757
11 757
11 757
11 757
11 757
11 757
11 757
11 757
11 757
11 757
11 757
11 757
11 757
11 757
11 757
11 757
11 757
11 757
11 757
11 757
11 757
11 757
11 757
11 757
11 757
11 757
11 757
11 757
11 757
11 757
11 757
11 757
11 757
11 757
11 757
11 757
11 757
95 511
95 511
95 511
95 511
95 511
95 511
95 511
95 511
95 511
95 511
95 511
95 511
95 511
95 511
95 511
95 511
95 511
95 511
95 511
95 511
95 511
95 511
95 511
95 511
95 511
95 511
95 511
95 511
95 511
95 511
95 511
95 511
95 511
95 511
95 511
95 511
95 511
95 511
95 511
95 511
95 511
95 511
95 511
95 511
95 511
95 511
95 511
95 511
95 511
95 511
95 511
95 511
95 511
95 511
95 511
95 511
95 511
95 511
95 511
95 511
95 511
95 511
95 511
95 511
95 511
95 511
95 511
95 511
95 511
95 511
95 511
95 511
95 511
95 512
95 512
95 512
95 512
95 512
95 512
95 512
95 512
95 512
95 512
95 511
95 511
95 511
95 511
95 511
95 511
95 511
95 511
95 511
95 511
95 511
95 511
95 511
95 511
95 511
95 511
95 511
28 795
28 795
28 795
28 795
28 795
28 795
28 795
28 795
28 795
28 795
28 795
28 795
28 795
28 795
28 795
28 795
28 795
28 795
28 795
28 795
28 795
28 795
28 795
28 795
28 795
28 795
28 795
28 795
28 795
28 795
28 795
28 795
28 795
28 795
28 795
28 795
28 795
28 795
28 795
28 795
28 794
28 794
28 794
28 794
28 794
28 795
28 795
28 795
28 795
28 795
28 795
28 795
28 795
28 795
28 795
28 795
28 795
28 795
28 795
28 795
28 795
28 795
28 795
28 795
28 795
28 795
28 795
28 795
28 795
28 795
28 795
28 795
28 795
28 795
28 795
28 795
28 795
28 795
28 795
28 795
28 795
28 795
28 795
28 795
28 795
28 795
28 795
28 795
28 795
28 795
28 795
28 795
28 795
28 795
28 795
28 795
28 795
28 795
28 795
28 795
80 610
80 610
80 610
80 610
80 610
80 610
80 610
80 610
80 610
80 610
80 610
80 610
80 609
80 609
80 609
80 609
80 609
80 609
80 609
80 609
80 609
80 609
80 609
80 609
80 609
80 609
80 609
80 609
80 609
80 609
80 609
80 609
80 609
80 609
80 609
80 609
80 609
80 609
80 609
80 609
80 609
80 609
80 609
80 609
80 609
80 609
80 609
80 609
80 609
80 609
80 609
80 609
80 609
80 609
80 609
80 609
80 609
80 609
80 609
80 609
80 609
80 609
80 609
80 609
80 609
80 609
80 609
80 609
80 609
80 609
80 609
80 609
80 609
80 609
80 609
80 609
80 609
80 609
80 609
80 609
80 609
80 609
80 609
80 609
80 609
80 609
80 609
80 610
80 610
80 610
80 610
80 610
80 610
80 610
80 610
80 610
80 610
80 610
80 610
80 610
53 747
53 747
53 747
53 747
53 747
53 747
53 747
53 747
53 747
53 747
53 747
53 747
53 747
53 747
53 747
53 747
53 747
53 747
53 747
53 747
53 747
53 747
53 747
53 747
53 747
53 747
53 747
53 747
53 747
53 747
53 747
53 747
53 747
53 747
53 748
53 748
53 748
53 748
53 748
53 748
53 748
53 748
53 748
53 748
53 748
53 748
53 748
53 748
53 748
53 748
53 748
53 748
53 748
53 748
53 748
53 748
53 748
53 748
53 748
53 748
53 748
53 748
53 748
53 748
53 748
53 748
53 748
53 748
53 748
53 748
53 748
53 748
53 748
53 748
53 748
53 748
53 748
53 748
53 748
53 748
53 748
53 748
53 748
53 748
53 748
53 748
53 748
53 748
53 748
53 748
53 748
53 748
53 748
53 748
53 748
53 748
53 748
53 748
53 748
53 748
27 109
27 109
27 109
27 109
27 109
27 109
27 109
27 109
27 109
27 110
27 110
27 111
27 111
27 111
27 111
27 111
27 111
27 111
27 111
27 111
27 111
27 111
27 111
27 111
27 111
27 111
27 111
27 111
27 111
27 111
27 111
27 111
27 111
27 111
27 111
27 111
27 111
27 111
27 111
27 111
27 111
27 111
27 111
27 111
27 111
27 111
27 111
27 111
27 111
27 111
27 111
27 111
27 111
27 111
27 111
27 111
27 111
27 111
27 111
27 111
27 111
27 111
27 111
27 111
27 111
27 111
27 111
27 111
27 111
27 111
27 111
27 111
27 111
27 111
27 111
27 111
27 111
27 111
27 111
27 111
27 111
27 111
27 111
27 111
27 111
27 111
27 111
27 111
27 111
27 111
27 111
27 111
27 111
27 111
27 111
27 111
27 111
27 111
27 111
27 111
65 231
65 231
65 231
65 231
65 231
65 231
65 231
65 231
65 231
65 231
65 231
65 231
65 231
65 231
65 231
65 230
65 230
65 230
65 230
65 230
65 230
65 230
65 230
65 230
65 230
65 230
65 230
65 230
65 230
65 230
65 230
65 230
65 230
65 230
65 230
65 230
65 230
65 230
65 230
65 230
65 230
65 230
65 230
65 230
65 230
65 230
65 230
65 230
65 229
65 229
65 229
65 229
65 229
65 229
65 229
65 229
65 229
65 229
65 229
65 229
65 229
65 229
65 229
65 229
65 229
65 229
65 229
65 229
65 229
65 229
65 229
65 229
65 229
65 229
65 229
65 229
65 229
65 229
65 229
65 229
65 229
65 229
65 229
65 229
65 229
65 229
65 229
65 229
65 229
65 229
65 229
65 229
65 229
65 229
65 229
65 229
65 229
65 229
65 229
65 229
19 864
19 864
19 864
19 864
19 864
19 864
19 864
19 864
19 864
19 864
19 864
19 864
19 864
19 864
19 864
19 864
19 864
19 864
19 864
19 864
19 864
19 864
19 864
19 864
19 864
19 864
19 864
19 864
19 864
19 864
19 864
19 864
19 864
19 864
19 864
19 864
19 864
19 864
19 864
19 864
19 864
19 864
19 864
19 864
19 864
19 864
19 864
19 864
19 864
19 864
19 864
19 864
19 864
19 864
19 864
19 864
19 864
19 864
19 864
19 864
19 864
19 864
19 864
19 864
19 864
19 864
19 864
19 864
19 864
19 864
19 864
19 864
19 864
19 864
19 864
19 864
19 864
19 864
19 864
19 864
19 864
19 864
19 864
19 864
19 864
19 864
19 864
19 864
19 864
19 864
19 864
19 864
19 863
19 863
19 863
19 863
19 863
19 862
19 862
19 862
68 302
68 302
68 302
68 302
68 302
68 302
68 302
68 302
68 302
68 302
68 302
68 302
68 302
68 302
68 302
68 302
68 302
68 302
68 302
68 302
68 302
68 302
68 302
68 302
68 302
68 302
68 302
68 302
68 302
68 302
68 302
68 302
68 302
68 302
68 302
68 302
68 302
68 303
68 303
68 303
68 303
68 303
68 303
68 303
68 303
68 303
68 303
68 303
68 303
68 303
68 303
68 303
68 303
68 303
68 303
68 303
68 303
68 303
68 303
68 303
68 303
68 303
68 303
68 303
68 303
68 303
68 303
68 303
68 303
68 303
68 303
68 303
68 303
68 303
68 303
68 303
68 303
68 303
68 303
68 303
68 303
68 303
68 303
68 303
68 303
68 303
68 303
68 303
68 303
68 303
68 303
68 303
68 303
68 303
68 304
68 304
68 304
68 304
68 304
68 304
64 627
64 627
64 627
64 627
64 627
64 627
64 627
64 627
64 627
64 627
64 627
64 627
64 627
64 627
64 627
64 627
64 627
64 627
64 627
64 627
64 627
64 627
64 626
64 626
64 626
64 626
64 626
64 626
64 626
64 626
64 626
64 626
64 626
64 626
64 626
64 626
64 626
64 626
64 626
64 626
64 626
64 626
64 626
64 626
64 626
64 626
64 626
64 626
64 626
64 626
64 626
64 626
64 626
64 626
64 626
64 626
64 626
64 626
64 626
64 626
64 626
64 626
64 626
64 626
64 626
64 626
64 626
64 626
64 626
64 626
64 626
64 626
64 626
64 626
64 626
64 626
64 626
64 626
64 626
64 626
64 626
64 626
64 626
64 626
64 626
64 626
64 626
64 626
64 626
64 626
64 626
64 626
64 626
64 626
64 626
64 626
64 626
64 626
64 626
64 625
65 229
65 229
65 229
65 229
65 229
65 229
65 229
65 229
65 229
65 229
65 229
65 229
65 229
65 229
65 229
65 229
65 229
65 229
65 229
65 229
65 229
65 229
65 229
65 229
65 229
65 229
65 229
65 229
65 229
65 229
65 229
65 229
65 229
65 229
65 229
65 229
65 229
65 229
65 229
65 229
65 229
65 229
65 229
65 229
65 229
65 229
65 229
65 229
65 229
65 229
65 229
65 229
65 229
65 229
65 229
65 229
65 229
65 229
65 230
65 230
65 230
65 230
65 230
65 230
65 230
65 230
65 230
65 230
65 230
65 230
65 230
65 230
65 230
65 230
65 230
65 230
65 230
65 230
65 230
65 230
65 230
65 230
65 230
65 230
65 230
65 230
65 230
65 230
65 230
65 230
65 230
65 230
65 230
65 230
65 230
65 230
65 230
65 230
65 230
65 230
86 200
86 200
86 200
86 200
86 200
86 200
86 200
86 200
86 200
86 200
86 200
86 200
86 200
86 200
86 200
86 200
86 200
86 200
86 200
86 200
86 200
86 200
86 200
86 200
86 200
86 200
86 200
86 200
86 200
86 200
86 200
86 200
86 200
86 200
86 200
86 200
86 200
86 200
86 200
86 200
86 200
86 200
86 200
86 200
86 200
86 200
86 200
86 200
86 200
86 200
86 200
86 200
86 200
86 200
86 200
86 200
86 200
86 200
86 200
86 200
86 200
86 200
86 200
86 200
86 200
86 201
86 201
86 201
86 201
86 201
86 201
86 201
86 201
86 201
86 201
86 201
86 201
86 201
86 201
86 201
86 201
86 201
86 201
86 201
86 201
86 201
86 201
86 201
86 201
86 201
86 201
86 201
86 201
86 201
86 201
86 201
86 201
86 201
86 201
86 201
72 840
72 840
72 840
72 840
72 840
72 840
72 840
72 840
72 840
72 840
72 840
72 840
72 840
72 840
72 840
72 840
72 840
72 840
72 840
72 840
72 840
72 840
72 840
72 841
72 841
72 841
72 841
72 841
72 842
72 842
72 842
72 842
72 842
72 842
72 842
72 842
72 842
72 841
72 841
72 841
72 841
72 841
72 841
72 841
72 841
72 841
72 841
72 841
72 841
72 841
72 841
72 841
72 841
72 841
72 840
72 840
72 840
72 840
72 840
72 840
72 840
72 840
72 840
72 840
72 840
72 840
72 840
72 840
72 840
72 840
72 840
72 840
72 840
72 840
72 840
72 840
72 840
72 840
72 840
72 840
72 840
72 840
72 840
72 840
72 840
72 840
72 840
72 839
72 839
72 839
72 839
72 839
72 839
72 839
72 839
72 839
72 839
72 838
72 838
72 838
93 3
93 3
93 3
93 3
93 3
93 3
93 3
93 3
93 3
93 3
93 3
93 3
93 3
93 3
93 3
93 3
93 3
93 3
93 3
93 3
93 3
93 3
93 3
93 3
93 3
93 3
93 3
93 3
93 3
93 3
93 3
93 3
93 3
93 3
93 3
93 3
93 3
93 3
93 3
93 3
93 3
93 3
93 3
93 3
93 3
93 3
93 3
93 3
93 3
93 3
93 3
93 3
93 3
93 3
93 3
93 3
93 3
93 3
93 3
93 3
93 3
93 3
93 3
93 3
93 3
93 3
93 3
93 3
93 3
93 3
93 3
93 3
93 3
93 3
93 3
93 3
93 3
93 3
93 3
93 3
93 3
93 3
93 3
93 3
93 3
93 3
93 3
93 3
93 3
93 3
93 3
93 3
93 3
93 3
93 3
93 3
93 3
93 3
93 3
93 3
24 291
24 291
24 291
24 291
24 291
24 291
24 291
24 291
24 291
24 291
24 291
24 291
24 291
24 291
24 291
24 291
24 291
24 291
24 291
24 291
24 291
24 291
24 291
24 291
24 291
24 291
24 291
24 291
24 291
24 291
24 291
24 291
24 291
24 291
24 291
24 291
24 291
24 291
24 291
24 291
24 291
24 291
24 291
24 291
24 291
24 291
24 291
24 291
24 291
24 291
24 291
24 291
24 291
24 291
24 291
24 291
24 291
24 291
24 291
24 291
24 291
24 291
24 291
24 291
24 291
24 291
24 291
24 291
24 291
24 291
24 291
24 291
24 291
24 291
24 291
24 291
24 291
24 291
24 291
24 291
24 291
24 291
24 291
24 291
24 291
24 291
24 291
24 291
24 291
24 291
24 291
24 291
24 291
24 291
24 291
24 291
24 291
24 290
24 290
24 290
22 376
22 376
22 376
22 376
22 375
22 375
22 375
22 375
22 375
22 375
22 375
22 375
22 375
22 375
22 375
22 375
22 375
22 375
22 375
22 375
22 375
22 375
22 375
22 375
22 375
22 375
22 375
22 375
22 375
22 375
22 375
22 375
22 375
22 375
22 375
22 375
22 375
22 375
22 375
22 375
22 375
22 375
22 375
22 375
22 375
22 375
22 375
22 375
22 375
22 375
22 375
22 375
22 375
22 375
22 375
22 375
22 375
22 375
22 375
22 375
22 375
22 375
22 375
22 375
22 375
22 375
22 375
22 375
22 375
22 375
22 375
22 375
22 375
22 375
22 375
22 375
22 375
22 375
22 375
22 375
22 375
22 375
22 375
22 375
22 375
22 375
22 375
22 375
22 375
22 375
22 375
22 375
22 375
22 375
22 375
22 375
22 375
22 375
22 375
22 375
5 231
5 231
5 231
5 231
5 231
5 231
5 231
5 231
5 231
5 231
5 231
5 231
5 231
5 231
5 231
5 231
5 231
5 231
5 231
5 231
5 231
5 231
5 231
5 231
5 231
5 231
5 231
5 231
5 231
5 231
5 231
5 231
5 231
5 231
5 231
5 231
5 230
5 230
5 230
5 230
5 230
5 230
5 230
5 230
5 230
5 230
5 230
5 231
5 231
5 231
5 231
5 231
5 231
5 231
5 231
5 231
5 231
5 231
5 231
5 231
5 231
5 231
5 231
5 231
5 231
5 231
5 231
5 231
5 231
5 231
5 231
5 231
5 231
5 231
5 231
5 231
5 231
5 231
5 231
5 231
5 231
5 231
5 231
5 231
5 231
5 230
5 230
5 230
5 230
5 230
5 230
5 230
5 230
5 230
5 230
5 230
5 230
5 230
5 230
5 230
51 563
51 563
51 563
51 563
51 563
51 563
51 563
51 563
51 563
51 563
51 563
51 563
51 563
51 563
51 563
51 563
51 563
51 563
51 563
51 563
51 563
51 563
51 563
51 563
51 563
51 563
51 563
51 563
51 563
51 563
51 563
51 562
51 562
51 562
51 562
51 562
51 562
51 562
51 562
51 562
51 562
51 562
51 562
51 562
51 562
51 562
51 562
51 562
51 562
51 562
51 562
51 562
51 562
51 561
51 561
51 561
51 561
51 561
51 561
51 561
51 561
51 561
51 561
51 561
51 561
51 561
51 561
51 561
51 561
51 561
51 561
51 561
51 561
51 561
51 561
51 561
51 561
51 561
51 561
51 561
51 561
51 561
51 561
51 561
51 561
51 561
51 561
51 561
51 561
51 561
51 561
51 561
51 561
51 561
51 561
51 561
51 561
51 561
51 561
51 561
15 481
15 481
15 481
15 481
15 481
15 481
15 481
15 481
15 481
15 481
15 481
15 481
15 481
15 481
15 481
15 481
15 481
15 481
15 481
15 481
15 481
15 481
15 481
15 481
15 481
15 481
15 481
15 481
15 481
15 481
15 481
15 481
15 481
15 481
15 481
15 481
15 481
15 481
15 481
15 481
15 481
15 481
15 481
15 481
15 481
15 481
15 481
15 481
15 481
15 481
15 481
15 481
15 481
15 481
15 481
15 481
15 481
15 481
15 481
15 481
15 481
15 481
15 481
15 481
15 481
15 481
15 481
15 481
15 481
15 481
15 481
15 481
15 481
15 481
15 481
15 481
15 481
15 481
15 481
15 481
15 481
15 481
15 481
15 481
15 481
15 481
15 481
15 481
15 481
15 481
15 481
15 481
15 481
15 481
15 481
15 481
15 481
15 481
15 481
15 481
97 159
97 159
97 159
97 159
97 159
97 159
97 159
97 159
97 159
97 159
97 159
97 159
97 159
97 159
97 159
97 159
97 159
97 159
97 159
97 159
97 159
97 159
97 159
97 159
97 159
97 159
97 159
97 159
97 159
97 159
97 159
97 159
97 159
97 159
97 159
97 159
97 159
97 159
97 159
97 159
97 158
97 158
97 158
97 158
97 158
97 158
97 158
97 158
97 158
97 158
97 158
97 157
97 157
97 157
97 157
97 157
97 157
97 157
97 157
97 157
97 157
97 157
97 157
97 157
97 157
97 157
97 157
97 157
97 157
97 157
97 157
97 157
97 157
97 157
97 157
97 157
97 157
97 157
97 157
97 157
97 157
97 157
97 157
97 157
97 157
97 157
97 157
97 157
97 157
97 157
97 157
97 156
97 156
97 156
97 156
97 156
97 156
97 156
97 156
97 156
79 12
79 12
79 12
79 12
79 12
79 12
79 12
79 12
79 12
79 12
79 12
79 12
79 12
79 12
79 12
79 12
79 12
79 12
79 12
79 12
79 12
79 12
79 12
79 12
79 12
79 12
79 12
79 12
79 12
79 12
79 12
79 12
79 12
79 12
79 12
79 12
79 12
79 12
79 12
79 12
79 12
79 12
79 12
79 12
79 12
79 12
79 12
79 12
79 12
79 12
79 12
79 12
79 12
79 12
79 12
79 12
79 12
79 12
79 12
79 12
79 12
79 12
79 12
79 12
79 12
79 12
79 12
79 12
79 12
79 12
79 12
79 12
79 12
79 12
79 12
79 12
79 12
79 12
79 12
79 12
79 12
79 12
79 12
79 12
79 12
79 12
79 12
79 12
79 12
79 12
79 12
79 12
79 12
79 12
79 12
79 12
79 12
79 12
79 12
79 12
57 157
57 157
57 157
57 157
57 157
57 157
57 157
57 157
57 157
57 157
57 157
57 157
57 157
57 157
57 157
57 157
57 157
57 157
57 157
57 157
57 157
57 157
57 157
57 157
57 157
57 157
57 157
57 157
57 157
57 157
57 157
57 157
57 157
57 157
57 157
57 157
57 157
57 157
57 157
57 157
57 157
57 157
57 157
57 157
57 157
57 157
57 157
57 157
57 157
57 157
57 157
57 157
57 157
57 157
57 157
57 157
57 157
57 157
57 157
57 157
57 156
57 156
57 156
57 156
57 156
57 156
57 156
57 156
57 156
57 156
57 156
57 156
57 156
57 156
57 156
57 156
57 156
57 156
57 156
57 156
57 156
57 156
57 156
57 156
57 156
57 156
57 156
57 156
57 156
57 156
57 156
57 156
57 156
57 156
57 156
57 156
57 156
57 156
57 156
57 156
31 478
31 478
31 478
31 478
31 478
31 478
31 478
31 478
31 478
31 478
31 478
31 478
31 478
31 478
31 478
31 478
31 478
31 478
31 478
31 478
31 478
31 478
31 478
31 478
31 478
31 478
31 478
31 478
31 478
31 478
31 478
31 478
31 478
31 478
31 478
31 478
31 478
31 478
31 478
31 478
31 478
31 478
31 478
31 478
31 478
31 478
31 478
31 478
31 478
31 478
31 478
31 478
31 478
31 478
31 478
31 478
31 478
31 478
31 478
31 478
31 478
31 478
31 478
31 478
31 478
31 478
31 478
31 478
31 478
31 478
31 478
31 478
31 478
31 478
31 478
31 478
31 478
31 478
31 478
31 478
31 478
31 478
31 478
31 478
31 478
31 478
31 478
31 478
31 478
31 478
31 478
31 478
31 478
31 478
31 478
31 478
31 478
31 478
31 478
31 478
21 414
21 414
21 414
21 414
21 414
21 414
21 414
21 414
21 414
21 414
21 414
21 414
21 414
21 414
21 414
21 414
21 414
21 414
21 414
21 414
21 414
21 414
21 414
21 414
21 414
21 414
21 414
21 414
21 414
21 414
21 414
21 414
21 414
21 414
21 414
21 414
21 414
21 414
21 414
21 414
21 414
21 414
21 414
21 414
21 414
21 414
21 414
21 415
21 415
21 415
21 415
21 415
21 415
21 415
21 415
21 415
21 415
21 415
21 415
21 414
21 414
21 414
21 414
21 414
21 414
21 414
21 414
21 414
21 414
21 414
21 414
21 414
21 414
21 414
21 414
21 414
21 414
21 414
21 414
21 414
21 414
21 414
21 414
21 414
21 414
21 414
21 414
21 414
21 414
21 414
21 414
21 414
21 414
21 414
21 414
21 414
21 414
21 414
21 414
21 414
50 578
50 578
50 578
50 578
50 578
50 578
50 578
50 578
50 577
50 577
50 577
50 577
50 577
50 577
50 577
50 577
50 577
50 577
50 577
50 577
50 577
50 577
50 577
50 577
50 577
50 577
50 577
50 577
50 577
50 577
50 577
50 577
50 577
50 577
50 577
50 577
50 577
50 577
50 577
50 577
50 577
50 577
50 577
50 577
50 577
50 577
50 577
50 577
50 577
50 577
50 577
50 577
50 578
50 578
50 578
50 578
50 578
50 578
50 578
50 578
50 578
50 578
50 578
50 578
50 578
50 578
50 578
50 578
50 578
50 578
50 578
50 578
50 578
50 578
50 578
50 578
50 578
50 578
50 578
50 578
50 578
50 578
50 578
50 578
50 578
50 578
50 578
50 578
50 578
50 578
50 578
50 578
50 578
50 578
50 578
50 578
50 578
50 578
50 578
50 578
69 724
69 724
69 724
69 724
69 724
69 724
69 724
69 724
69 724
69 724
69 724
69 724
69 724
69 724
69 724
69 724
69 724
69 724
69 724
69 724
69 724
69 724
69 724
69 724
69 724
69 724
69 724
69 724
69 724
69 724
69 724
69 724
69 724
69 724
69 724
69 724
69 724
69 724
69 724
69 724
69 724
69 724
69 724
69 724
69 724
69 724
69 724
69 724
69 724
69 724
69 724
69 724
69 724
69 724
69 724
69 724
69 724
69 724
69 724
69 724
69 724
69 724
69 724
69 724
69 724
69 724
69 724
69 724
69 724
69 724
69 724
69 724
69 724
69 724
69 724
69 724
69 724
69 724
69 724
69 724
69 724
69 724
69 724
69 724
69 724
69 724
69 724
69 724
69 724
69 724
69 724
69 724
69 724
69 724
69 724
69 724
69 724
69 724
69 724
69 724
63 5
63 5
63 5
63 5
63 5
63 5
63 5
63 5
63 5
63 5
63 5
63 5
63 5
63 4
63 4
63 4
63 4
63 4
63 4
63 4
63 4
63 4
63 4
63 4
63 4
63 4
63 4
63 4
63 4
63 4
63 4
63 4
63 4
63 4
63 4
63 4
63 4
63 4
63 4
63 4
63 4
63 4
63 4
63 4
63 4
63 4
63 4
63 4
63 4
63 4
63 4
63 4
63 4
63 4
63 4
63 4
63 4
63 4
63 4
63 4
63 4
63 4
63 4
63 4
63 4
63 4
63 4
63 4
63 4
63 4
63 4
63 4
63 4
63 4
63 4
63 4
63 4
63 4
63 4
63 4
63 4
63 4
63 4
63 4
63 4
63 4
63 4
63 4
63 4
63 4
63 4
63 4
63 4
63 4
63 4
63 4
63 4
63 4
63 4
63 4
86 201
86 201
86 201
86 201
86 201
86 201
86 201
86 201
86 201
86 201
86 201
86 201
86 201
86 201
86 201
86 201
86 201
86 202
86 202
86 202
86 202
86 202
86 202
86 202
86 202
86 202
86 202
86 202
86 202
86 200
86 200
86 200
86 200
86 200
86 200
86 200
86 200
86 200
86 200
86 200
86 200
86 200
86 200
86 200
86 200
86 200
86 200
86 200
86 200
86 200
86 200
86 200
86 200
86 200
86 200
86 200
86 200
86 200
86 200
86 200
86 200
86 200
86 200
86 200
86 200
86 200
86 200
86 200
86 200
86 200
86 200
86 200
86 200
86 200
86 200
86 200
86 200
86 200
86 200
86 200
86 200
86 200
86 200
86 200
86 200
86 200
86 200
86 200
86 200
86 200
86 200
86 200
86 200
86 200
86 200
86 200
86 200
86 200
86 200
86 200
99 803
99 804
99 804
99 804
99 804
99 804
99 804
99 804
99 804
99 804
99 804
99 804
99 804
99 804
99 804
99 803
99 803
99 803
99 803
99 803
99 803
99 803
99 803
99 803
99 803
99 803
99 803
99 803
99 803
99 803
99 803
99 803
99 803
99 803
99 803
99 803
99 803
99 803
99 803
99 803
99 803
99 803
99 803
99 803
99 803
99 803
99 803
99 803
99 803
99 803
99 803
99 803
99 803
99 803
99 803
99 803
99 803
99 803
99 803
99 803
99 803
99 803
99 803
99 803
99 802
99 802
99 802
99 802
99 802
99 802
99 802
99 802
99 802
99 802
99 802
99 802
99 801
99 801
99 801
99 801
99 801
99 801
99 801
99 801
99 801
99 801
99 801
99 801
99 801
99 801
99 801
99 801
99 801
99 801
99 801
99 801
99 801
99 801
99 801
99 801
13 226
13 226
13 226
13 226
13 226
13 226
13 226
13 226
13 226
13 226
13 226
13 226
13 226
13 226
13 226
13 226
13 226
13 226
13 226
13 226
13 226
13 226
13 226
13 226
13 226
13 226
13 226
13 226
13 226
13 226
13 226
13 226
13 226
13 226
13 226
13 225
13 225
13 225
13 225
13 225
13 225
13 225
13 225
13 225
13 225
13 225
13 225
13 225
13 225
13 225
13 225
13 225
13 225
13 225
13 225
13 225
13 225
13 225
13 225
13 225
13 225
13 225
13 225
13 225
13 225
13 225
13 225
13 225
13 225
13 225
13 225
13 225
13 225
13 225
13 225
13 225
13 226
13 226
13 226
13 226
13 226
13 226
13 226
13 226
13 226
13 225
13 225
13 226
13 226
13 226
13 226
13 226
13 225
13 225
13 225
13 225
13 225
13 225
13 225
13 225
58 426
58 425
58 424
58 424
58 424
58 424
58 424
58 424
58 424
58 424
58 424
58 424
58 424
58 424
58 424
58 424
58 424
58 424
58 424
58 424
58 424
58 424
58 424
58 424
58 424
58 424
58 424
58 424
58 424
58 424
58 423
58 423
58 423
58 423
58 423
58 423
58 423
58 423
58 423
58 423
58 423
58 423
58 423
58 423
58 423
58 423
58 423
58 423
58 423
58 423
58 422
58 422
58 422
58 422
58 422
58 422
58 422
58 422
58 422
58 422
58 422
58 422
58 422
58 422
58 422
58 422
58 422
58 422
58 422
58 422
58 422
58 422
58 422
58 422
58 422
58 422
58 422
58 422
58 422
58 422
58 422
58 422
58 422
58 422
58 422
58 422
58 422
58 422
58 422
58 423
58 423
58 423
58 423
58 422
58 422
58 422
58 422
58 422
58 422
58 422
62 998
62 998
62 998
62 998
62 998
62 998
62 998
62 998
62 998
62 998
62 998
62 998
62 998
62 998
62 998
62 998
62 998
62 998
62 998
62 998
62 998
62 998
62 998
62 998
62 998
62 999
62 999
62 999
62 999
62 999
62 999
62 999
62 999
62 999
62 999
62 998
62 998
62 998
62 998
62 998
62 998
62 998
62 998
62 998
62 998
62 998
62 998
62 998
62 998
62 998
62 998
62 998
62 998
62 998
62 998
62 998
62 998
62 998
62 998
62 998
62 998
62 998
62 998
62 998
62 998
62 998
62 998
62 998
62 998
62 998
62 998
62 998
62 998
62 998
62 998
62 998
62 998
62 998
62 998
62 998
62 998
62 998
62 998
62 998
62 998
62 998
62 998
62 998
62 998
62 998
62 998
62 998
62 998
62 998
62 998
62 998
62 998
62 998
62 998
62 998
9 634
9 634
9 634
9 634
9 634
9 634
9 634
9 634
9 634
9 634
9 634
9 634
9 634
9 634
9 634
9 634
9 634
9 634
9 634
9 634
9 634
9 634
9 634
9 634
9 635
9 635
9 635
9 635
9 635
9 635
9 635
9 635
9 635
9 635
9 635
9 635
9 635
9 635
9 635
9 635
9 635
9 635
9 635
9 635
9 635
9 635
9 635
9 635
9 635
9 635
9 635
9 635
9 635
9 635
9 635
9 635
9 635
9 635
9 635
9 635
9 635
9 635
9 635
9 635
9 635
9 635
9 635
9 635
9 635
9 635
9 635
9 635
9 635
9 635
9 635
9 635
9 635
9 635
9 635
9 635
9 635
9 635
9 635
9 635
9 635
9 635
9 635
9 635
9 635
9 635
9 634
9 634
9 634
9 634
9 634
9 634
9 634
9 634
9 634
9 634
38 63
38 63
38 63
38 63
38 63
38 63
38 64
38 65
38 65
38 65
38 66
38 66
38 66
38 66
38 66
38 66
38 66
38 66
38 66
38 66
38 66
38 67
38 67
38 67
38 67
38 67
38 67
38 67
38 67
38 67
38 67
38 67
38 67
38 67
38 67
38 67
38 67
38 67
38 67
38 67
38 67
38 67
38 67
38 67
38 67
38 67
38 67
38 67
38 67
38 67
38 67
38 67
38 67
38 67
38 67
38 67
38 67
38 67
38 67
38 67
38 67
38 67
38 67
38 67
38 67
38 67
38 67
38 67
38 67
38 67
38 67
38 67
38 67
38 67
38 67
38 67
38 67
38 67
38 67
38 67
38 67
38 67
38 67
38 67
38 67
38 67
38 67
38 67
38 67
38 67
38 67
38 67
38 67
38 67
38 67
38 67
38 67
38 67
38 67
38 67
42 707
42 707
42 707
42 707
42 707
42 707
42 707
42 707
42 707
42 707
42 707
42 707
42 707
42 707
42 707
42 707
42 707
42 707
42 707
42 707
42 707
42 707
42 707
42 707
42 707
42 707
42 707
42 707
42 707
42 707
42 707
42 707
42 707
42 707
42 707
42 707
42 707
42 707
42 707
42 707
42 707
42 708
42 708
42 708
42 708
42 708
42 708
42 708
42 708
42 708
42 708
42 708
42 708
42 708
42 708
42 708
42 708
42 708
42 708
42 708
42 708
42 708
42 708
42 708
42 708
42 708
42 709
42 709
42 709
42 709
42 709
42 709
42 709
42 709
42 709
42 709
42 709
42 709
42 709
42 709
42 709
42 709
42 709
42 709
42 709
42 709
42 709
42 709
42 709
42 709
42 709
42 709
42 709
42 709
42 709
42 709
42 709
42 709
42 709
42 709
62 998
62 998
62 998
62 998
62 998
62 998
62 998
62 998
62 998
62 998
62 998
62 998
62 998
62 998
62 998
62 998
62 998
62 998
62 998
62 998
62 998
62 998
62 998
62 998
62 998
62 998
62 998
62 998
62 998
62 998
62 998
62 998
62 998
62 998
62 998
62 998
62 998
62 998
62 998
62 998
62 998
62 998
62 998
62 998
62 998
62 998
62 998
62 998
62 998
62 998
62 998
62 998
62 998
62 998
62 998
62 998
62 998
62 998
62 998
62 998
62 998
62 998
62 998
62 998
62 998
62 998
62 998
62 998
62 998
62 998
62 998
62 998
62 998
62 998
62 998
62 998
62 998
62 998
62 998
62 998
62 998
62 998
62 998
62 998
62 998
62 998
62 998
62 998
62 998
62 998
62 998
62 998
62 998
62 998
62 998
62 998
62 998
62 998
62 998
62 998
65 230
65 230
65 230
65 230
65 230
65 230
65 230
65 230
65 230
65 230
65 230
65 230
65 230
65 230
65 230
65 230
65 230
65 230
65 230
65 230
65 230
65 230
65 230
65 230
65 230
65 230
65 230
65 230
65 230
65 230
65 230
65 230
65 230
65 230
65 230
65 230
65 230
65 230
65 230
65 230
65 230
65 230
65 230
65 230
65 230
65 230
65 230
65 230
65 230
65 230
65 230
65 230
65 230
65 230
65 230
65 230
65 230
65 230
65 230
65 230
65 230
65 230
65 230
65 230
65 230
65 230
65 230
65 230
65 230
65 230
65 230
65 230
65 230
65 230
65 230
65 230
65 230
65 230
65 230
65 230
65 230
65 230
65 230
65 230
65 230
65 230
65 230
65 230
65 230
65 230
65 230
65 230
65 230
65 230
65 230
65 230
65 230
65 230
65 230
65 230
8 346
8 346
8 346
8 346
8 346
8 346
8 346
8 346
8 346
8 346
8 346
8 346
8 346
8 346
8 346
8 346
8 346
8 346
8 346
8 346
8 346
8 346
8 346
8 346
8 346
8 346
8 346
8 346
8 346
8 346
8 346
8 346
8 346
8 346
8 346
8 346
8 346
8 346
8 346
8 346
8 346
8 346
8 346
8 346
8 346
8 346
8 346
8 346
8 346
8 347
8 347
8 347
8 347
8 347
8 347
8 347
8 347
8 347
8 347
8 347
8 347
8 347
8 347
8 347
8 347
8 347
8 347
8 347
8 347
8 347
8 347
8 347
8 347
8 347
8 347
8 347
8 347
8 347
8 347
8 347
8 347
8 347
8 347
8 347
8 347
8 347
8 347
8 347
8 347
8 347
8 347
8 347
8 347
8 347
8 347
8 347
8 347
8 347
8 347
8 347
33 474
33 474
33 474
33 474
33 474
33 474
33 474
33 474
33 474
33 474
33 474
33 474
33 474
33 474
33 474
33 474
33 474
33 474
33 473
33 473
33 473
33 473
33 473
33 473
33 473
33 473
33 473
33 473
33 473
33 473
33 473
33 473
33 473
33 473
33 473
33 473
33 473
33 473
33 473
33 473
33 473
33 473
33 473
33 473
33 473
33 473
33 473
33 473
33 473
33 473
33 473
33 473
33 473
33 473
33 473
33 473
33 473
33 473
33 473
33 473
33 473
33 473
33 473
33 473
33 473
33 473
33 473
33 473
33 473
33 473
33 473
33 473
33 473
33 473
33 473
33 473
33 473
33 473
33 473
33 473
33 473
33 474
33 474
33 474
33 474
33 474
33 474
33 474
33 474
33 474
33 474
33 474
33 474
33 474
33 474
33 474
33 474
33 474
33 474
33 474
34 1019
34 1019
34 1019
34 1019
34 1019
34 1019
34 1019
34 1019
34 1019
34 1019
34 1019
34 1019
34 1019
34 1019
34 1019
34 1019
34 1019
34 1019
34 1019
34 1019
34 1019
34 1019
34 1019
34 1019
34 1019
34 1019
34 1019
34 1019
34 1019
34 1019
34 1019
34 1019
34 1019
34 1019
34 1019
34 1019
34 1019
34 1019
34 1019
34 1019
34 1019
34 1019
34 1019
34 1019
34 1019
34 1019
34 1019
34 1019
34 1018
34 1018
34 1018
34 1018
34 1018
34 1018
34 1018
34 1018
34 1018
34 1018
34 1018
34 1018
34 1018
34 1018
34 1018
34 1018
34 1018
34 1018
34 1018
34 1019
34 1019
34 1019
34 1019
34 1019
34 1019
34 1019
34 1019
34 1019
34 1019
34 1019
34 1019
34 1019
34 1019
34 1019
34 1019
34 1019
34 1019
34 1019
34 1019
34 1019
34 1019
34 1019
34 1019
34 1019
34 1019
34 1019
34 1019
34 1019
34 1019
34 1019
34 1019
34 1019
24 290
24 290
24 290
24 290
24 290
24 290
24 290
24 290
24 291
24 291
24 291
24 291
24 291
24 291
24 291
24 291
24 291
24 291
24 292
24 292
24 292
24 292
24 292
24 292
24 292
24 291
24 291
24 291
24 291
24 291
24 291
24 291
24 291
24 291
24 291
24 291
24 291
24 291
24 291
24 291
24 291
24 291
24 291
24 291
24 291
24 291
24 291
24 291
24 291
24 291
24 291
24 291
24 291
24 290
24 290
24 290
24 290
24 290
24 290
24 290
24 290
24 290
24 290
24 290
24 290
24 290
24 290
24 710
24 710
24 710
24 710
24 710
24 710
24 710
24 710
24 710
24 710
24 710
24 710
24 710
24 710
24 710
24 710
24 710
24 710
24 710
24 710
24 710
24 710
24 710
24 710
24 710
24 710
24 709
24 709
24 709
24 709
24 709
24 709
24 709
98 376
98 376
98 376
98 376
98 376
98 376
98 376
98 376
98 376
98 376
98 376
98 376
98 376
98 376
98 377
98 377
98 377
98 377
98 377
98 377
98 377
98 377
98 377
98 377
98 377
98 377
98 377
98 377
98 377
98 377
98 377
98 377
98 377
98 377
98 377
98 377
98 377
98 377
98 377
98 377
98 377
98 377
98 377
98 377
98 377
98 377
98 377
98 377
98 377
98 377
98 377
98 377
98 377
98 377
98 377
98 377
98 377
98 377
98 377
98 377
98 377
98 377
98 377
98 377
98 377
98 377
98 377
98 377
98 377
98 377
98 377
98 377
98 377
98 377
98 377
98 377
98 377
98 377
98 377
98 377
98 377
98 377
98 377
98 377
98 377
98 377
98 377
98 377
98 377
98 377
98 377
98 377
98 377
98 377
98 377
98 377
98 377
98 377
98 377
98 377
20 872
20 872
20 872
20 872
20 872
20 872
20 872
20 872
20 872
20 872
20 872
20 872
20 872
20 872
20 872
20 872
20 872
20 872
20 872
20 872
20 872
20 872
20 872
20 872
20 872
20 872
20 872
20 872
20 872
20 872
20 872
20 872
20 872
20 872
20 872
20 872
20 872
20 872
20 872
20 872
20 872
20 872
20 872
20 872
20 873
20 873
20 873
20 873
20 873
20 873
20 873
20 873
20 873
20 873
20 873
20 873
20 873
20 873
20 873
20 873
20 873
20 873
20 873
20 873
20 873
20 873
20 873
20 873
20 873
20 873
20 873
20 873
20 873
20 873
20 873
20 873
20 873
20 873
20 873
20 873
20 873
20 873
20 873
20 873
20 873
20 873
20 873
20 873
20 873
20 873
20 873
20 873
20 873
20 873
20 873
20 873
20 873
20 873
20 873
20 873
49 648
49 648
49 648
49 648
49 648
49 648
49 648
49 648
49 648
49 648
49 648
49 648
49 648
49 648
49 648
49 648
49 648
49 648
49 648
49 648
49 648
49 648
49 648
49 648
49 648
49 648
49 648
49 648
49 648
49 648
49 648
49 648
49 648
49 648
49 648
49 648
49 648
49 648
49 648
49 648
49 648
49 648
49 648
49 648
49 648
49 648
49 648
49 648
49 648
49 648
49 648
49 648
49 648
49 648
49 648
49 648
49 648
49 648
49 648
49 648
49 648
49 648
49 648
49 648
49 648
49 648
49 648
49 648
49 648
49 648
49 648
49 648
49 648
49 648
49 648
49 648
49 648
49 648
49 648
49 648
49 648
49 648
49 648
49 648
49 648
49 648
49 648
49 648
49 648
49 648
49 648
49 648
49 648
49 648
49 648
49 648
49 647
49 647
49 647
49 647
91 224
91 224
91 224
91 224
91 224
91 224
91 224
91 224
91 224
91 224
91 224
91 224
91 224
91 224
91 224
91 224
91 224
91 224
91 224
91 224
91 224
91 224
91 224
91 224
91 224
91 224
91 224
91 224
91 224
91 224
91 224
91 224
91 224
91 224
91 224
91 224
91 224
91 224
91 224
91 224
91 224
91 224
91 224
91 224
91 224
91 224
91 225
91 225
91 225
91 225
91 225
91 225
91 225
91 225
91 225
91 225
91 225
91 225
91 226
91 226
91 225
91 225
91 225
91 225
91 225
91 225
91 225
91 225
91 224
91 224
91 224
91 224
91 224
91 224
91 224
91 224
91 224
91 224
91 224
91 224
91 224
91 224
91 224
91 224
91 224
91 224
91 223
91 223
91 223
91 223
91 223
91 223
91 223
91 223
91 223
91 223
91 223
91 223
91 223
91 223
96 366
96 366
96 366
96 366
96 366
96 366
96 366
96 366
96 366
96 366
96 366
96 366
96 366
96 366
96 366
96 366
96 366
96 366
96 366
96 366
96 366
96 366
96 366
96 366
96 366
96 366
96 366
96 366
96 366
96 366
96 366
96 366
96 366
96 366
96 366
96 366
96 366
96 366
96 366
96 366
96 366
96 366
96 366
96 366
96 366
96 366
96 366
96 366
96 366
96 366
96 366
96 366
96 366
96 366
96 366
96 366
96 366
96 366
96 366
96 366
96 366
96 366
96 366
96 366
96 366
96 366
96 366
96 366
96 366
96 366
96 366
96 366
96 366
96 366
96 366
96 366
96 366
96 366
96 366
96 366
96 366
96 366
96 366
96 366
96 366
96 366
96 366
96 366
96 366
96 366
96 366
96 366
96 367
96 367
96 367
96 367
96 367
96 367
96 367
96 367
71 836
71 836
71 836
71 836
71 836
71 836
71 836
71 836
71 836
71 836
71 836
71 836
71 836
71 836
71 836
71 836
71 836
71 836
71 836
71 836
71 836
71 836
71 836
71 836
71 836
71 836
71 836
71 836
71 836
71 836
71 836
71 836
71 836
71 836
71 836
71 836
71 836
71 836
71 836
71 836
71 836
71 836
71 836
71 836
71 836
71 836
71 836
71 836
71 836
71 836
71 836
71 836
71 836
71 836
71 836
71 836
71 836
71 836
71 836
71 836
71 836
71 836
71 836
71 836
71 836
71 836
71 836
71 836
71 836
71 836
71 836
71 836
71 836
71 836
71 836
71 836
71 836
71 836
71 836
71 836
71 836
71 836
71 836
71 836
71 836
71 836
71 836
71 836
71 836
71 836
71 836
71 836
71 836
71 836
71 836
71 836
71 836
71 836
71 836
71 836
49 647
49 647
49 647
49 647
49 647
49 646
49 646
49 646
49 646
49 646
49 646
49 646
49 646
49 646
49 646
49 646
49 646
49 646
49 646
49 646
49 646
49 646
49 646
49 646
49 646
49 646
49 646
49 646
49 646
49 646
49 646
49 646
49 646
49 646
49 646
49 646
49 646
49 646
49 646
49 646
49 646
49 646
49 646
49 646
49 646
49 646
49 646
49 646
49 646
49 646
49 646
49 646
49 646
49 646
49 646
49 645
49 645
49 645
49 645
49 645
49 645
49 645
49 645
49 645
49 645
49 645
49 645
49 645
49 645
49 645
49 645
49 645
49 645
49 645
49 645
49 645
49 645
49 645
49 645
49 645
49 644
49 644
49 644
49 644
49 648
49 648
49 648
49 648
49 648
49 648
49 648
49 648
49 648
49 648
49 648
49 648
49 648
49 648
49 648
49 648
99 801
99 801
99 801
99 801
99 801
99 801
99 801
99 801
99 801
99 801
99 801
99 801
99 801
99 801
99 801
99 801
99 801
99 801
99 801
99 801
99 801
99 801
99 801
99 801
99 801
99 801
99 801
99 801
99 801
99 801
99 801
99 801
99 801
99 801
99 801
99 801
99 801
99 801
99 801
99 801
99 801
99 801
99 801
99 801
99 801
99 801
99 801
99 801
99 801
99 801
99 801
99 801
99 801
99 801
99 801
99 801
99 801
99 801
99 801
99 802
99 802
99 802
99 802
99 802
99 802
99 802
99 802
99 802
99 802
99 802
99 802
99 802
99 802
99 802
99 802
99 802
99 802
99 802
99 802
99 802
99 802
99 802
99 802
99 802
99 802
99 802
99 802
99 802
99 802
99 802
99 802
99 802
99 802
99 802
99 802
99 802
99 802
99 802
99 802
99 802
87 58
87 58
87 58
87 58
87 58
87 58
87 58
87 58
87 58
87 58
87 58
87 58
87 58
87 58
87 58
87 58
87 58
87 58
87 58
87 58
87 58
87 58
87 58
87 58
87 58
87 58
87 58
87 58
87 58
87 58
87 57
87 57
87 57
87 57
87 57
87 57
87 57
87 57
87 58
87 58
87 58
87 58
87 58
87 58
87 58
87 58
87 58
87 58
87 58
87 58
87 58
87 58
87 58
87 58
87 58
87 58
87 58
87 58
87 58
87 58
87 58
87 58
87 58
87 58
87 58
87 58
87 57
87 57
87 57
87 57
87 57
87 57
87 57
87 57
87 57
87 57
87 57
87 57
87 57
87 57
87 57
87 57
87 57
87 57
87 57
87 57
87 57
87 57
87 57
87 57
87 57
87 57
87 57
87 57
87 57
87 57
87 57
87 57
87 57
87 57
98 377
98 377
98 377
98 377
98 377
98 377
98 377
98 377
98 377
98 377
98 377
98 377
98 377
98 377
98 377
98 377
98 377
98 377
98 377
98 377
98 377
98 377
98 377
98 377
98 377
98 377
98 377
98 377
98 377
98 377
98 377
98 377
98 377
98 377
98 377
98 377
98 377
98 378
98 378
98 378
98 378
98 378
98 378
98 378
98 378
98 378
98 378
98 378
98 378
98 378
98 378
98 378
98 378
98 378
98 378
98 378
98 378
98 378
98 378
98 378
98 378
98 378
98 377
98 377
98 377
98 377
98 377
98 377
98 377
98 377
98 377
98 377
98 377
98 377
98 377
98 377
98 377
98 377
98 377
98 377
98 377
98 377
98 377
98 377
98 377
98 377
98 377
98 377
98 377
98 377
98 377
98 377
98 377
98 377
98 377
98 377
98 377
98 377
98 377
98 377
78 807
78 807
78 807
78 807
78 807
78 807
78 807
78 807
78 807
78 808
78 808
78 808
78 808
78 808
78 808
78 808
78 808
78 808
78 808
78 808
78 808
78 808
78 808
78 808
78 808
78 808
78 808
78 808
78 808
78 808
78 808
78 808
78 808
78 808
78 808
78 808
78 808
78 808
78 808
78 808
78 808
78 809
78 809
78 809
78 809
78 809
78 809
78 809
78 809
78 809
78 809
78 809
78 809
78 809
78 809
78 809
78 809
78 809
78 809
78 809
78 809
78 809
78 809
78 810
78 810
78 810
78 810
78 810
78 810
78 810
78 810
78 810
78 810
78 810
78 809
78 809
78 809
78 809
78 809
78 809
78 809
78 809
78 809
78 809
78 809
78 809
78 809
78 809
78 809
78 809
78 809
78 809
78 809
78 809
78 809
78 809
78 809
78 809
78 809
78 809
96 367
96 367
96 367
96 367
96 367
96 367
96 367
96 367
96 367
96 367
96 367
96 366
96 366
96 366
96 366
96 366
96 366
96 366
96 366
96 366
96 366
96 367
96 367
96 367
96 367
96 367
96 367
96 367
96 367
96 367
96 367
96 367
96 367
96 367
96 366
96 366
96 366
96 366
96 366
96 366
96 366
96 366
96 366
96 366
96 367
96 367
96 367
96 367
96 367
96 367
96 367
96 367
96 367
96 367
96 367
96 367
96 367
96 367
96 367
96 367
96 367
96 367
96 367
96 367
96 367
96 367
96 367
96 367
96 367
96 367
96 367
96 367
96 367
96 367
96 367
96 367
96 367
96 367
96 367
96 367
96 367
96 367
96 367
96 367
96 367
96 367
96 367
96 367
96 367
96 367
96 367
96 367
96 367
96 367
96 367
96 367
96 367
96 367
96 367
96 367
29 987
29 987
29 987
29 987
29 987
29 987
29 987
29 987
29 987
29 987
29 987
29 987
29 987
29 987
29 987
29 987
29 987
29 987
29 987
29 987
29 987
29 987
29 987
29 987
29 987
29 987
29 987
29 987
29 987
29 987
29 987
29 987
29 987
29 987
29 987
29 987
29 987
29 987
29 987
29 987
29 987
29 987
29 987
29 987
29 987
29 987
29 987
29 987
29 987
29 987
29 987
29 987
29 987
29 987
29 987
29 987
29 987
29 987
29 987
29 987
29 987
29 987
29 987
29 987
29 987
29 987
29 987
29 987
29 987
29 987
29 987
29 987
29 987
29 987
29 987
29 987
29 987
29 987
29 987
29 987
29 987
29 987
29 987
29 987
29 987
29 987
29 987
29 987
29 987
29 987
29 987
29 987
29 987
29 987
29 987
29 987
29 988
29 988
29 988
29 988
51 561
51 561
51 561
51 561
51 561
51 561
51 561
51 561
51 561
51 561
51 561
51 561
51 561
51 561
51 561
51 561
51 561
51 561
51 561
51 561
51 561
51 561
51 561
51 561
51 561
51 561
51 561
51 561
51 561
51 561
51 561
51 561
51 561
51 561
51 561
51 561
51 561
51 562
51 562
51 562
51 562
51 562
51 562
51 562
51 562
51 562
51 562
51 562
51 562
51 562
51 562
51 562
51 562
51 562
51 562
51 562
51 562
51 562
51 562
51 562
51 562
51 561
51 561
51 561
51 561
51 561
51 561
51 561
51 561
51 561
51 561
51 561
51 561
51 561
51 561
51 561
51 561
51 561
51 561
51 561
51 561
51 561
51 561
51 561
51 561
51 561
51 561
51 561
51 561
51 561
51 561
51 561
51 561
51 561
51 561
51 561
51 561
51 561
51 561
51 561
46 10
46 10
46 10
46 10
46 10
46 10
46 10
46 10
46 10
46 10
46 10
46 10
46 10
46 10
46 10
46 10
46 10
46 10
46 10
46 10
46 10
46 10
46 10
46 10
46 10
46 10
46 10
46 10
46 10
46 10
46 10
46 10
46 10
46 10
46 10
46 10
46 10
46 10
46 10
46 10
46 10
46 10
46 10
46 10
46 10
46 9
46 9
46 9
46 9
46 9
46 9
46 9
46 9
46 9
46 9
46 9
46 8
46 8
46 8
46 8
46 8
46 8
46 8
46 8
46 8
46 8
46 8
46 8
46 8
46 8
46 8
46 8
46 9
46 9
46 9
46 9
46 9
46 9
46 9
46 9
46 9
46 9
46 9
46 9
46 9
46 9
46 10
46 10
46 11
46 11
46 11
46 11
46 11
46 11
46 11
46 10
46 10
46 10
46 10
46 10
50 578
50 578
50 578
50 578
50 578
50 578
50 578
50 578
50 578
50 578
50 578
50 578
50 578
50 578
50 578
50 578
50 578
50 578
50 578
50 578
50 578
50 578
50 578
50 578
50 578
50 578
50 578
50 578
50 578
50 578
50 578
50 578
50 578
50 578
50 578
50 578
50 578
50 578
50 578
50 578
50 578
50 578
50 578
50 578
50 578
50 578
50 578
50 578
50 578
50 578
50 578
50 578
50 578
50 578
50 578
50 578
50 578
50 578
50 578
50 578
50 578
50 578
50 578
50 578
50 578
50 578
50 578
50 578
50 578
50 578
50 578
50 578
50 578
50 578
50 578
50 578
50 578
50 578
50 578
50 578
50 578
50 578
50 578
50 578
50 578
50 578
50 578
50 578
50 578
50 578
50 578
50 578
50 578
50 578
50 578
50 578
50 578
50 578
50 578
50 578
14 244
14 244
14 244
14 244
14 244
14 244
14 244
14 244
14 244
14 244
14 244
14 244
14 244
14 244
14 244
14 244
14 244
14 244
14 244
14 244
14 244
14 244
14 244
14 244
14 244
14 244
14 244
14 244
14 244
14 245
14 245
14 245
14 245
14 245
14 245
14 245
14 245
14 245
14 245
14 245
14 245
14 245
14 245
14 245
14 245
14 245
14 245
14 245
14 245
14 245
14 245
14 245
14 245
14 245
14 245
14 245
14 245
14 245
14 245
14 245
14 245
14 245
14 245
14 245
14 245
14 245
14 245
14 245
14 245
14 245
14 245
14 245
14 245
14 245
14 245
14 245
14 245
14 245
14 245
14 245
14 245
14 245
14 245
14 245
14 245
14 244
14 244
14 244
14 244
14 244
14 244
14 244
14 244
14 244
14 244
14 244
14 244
14 244
14 244
14 244
84 936
84 936
84 936
84 936
84 936
84 936
84 936
84 936
84 936
84 936
84 936
84 936
84 936
84 936
84 936
84 936
84 936
84 936
84 936
84 936
84 936
84 936
84 936
84 936
84 936
84 936
84 936
84 936
84 936
84 936
84 936
84 936
84 936
84 936
84 936
84 936
84 936
84 936
84 936
84 936
84 936
84 936
84 936
84 936
84 936
84 936
84 936
84 936
84 936
84 936
84 936
84 936
84 936
84 936
84 936
84 936
84 936
84 936
84 936
84 936
84 936
84 936
84 936
84 936
84 936
84 936
84 936
84 936
84 936
84 936
84 936
84 936
84 936
84 936
84 936
84 936
84 936
84 936
84 936
84 936
84 936
84 936
84 936
84 936
84 936
84 936
84 936
84 936
84 936
84 936
84 936
84 936
84 936
84 935
84 935
84 935
84 935
84 935
84 935
84 935