75 540
75 540
75 540
75 540
75 540
75 540
75 540
75 540
75 540
75 540
75 540
75 540
75 540
75 540
75 540
75 540
75 540
75 540
75 540
75 540
75 540
75 540
75 540
75 540
75 540
75 540
75 540
75 540
75 539
75 539
75 539
75 539
75 539
75 539
75 539
75 539
75 539
75 539
75 540
75 540
75 539
75 539
75 539
75 539
75 539
75 539
75 539
75 539
75 540
75 540
75 540
75 540
75 540
75 540
75 540
75 540
75 540
75 540
75 540
75 540
75 540
75 540
75 540
75 540
75 540
75 540
75 540
75 540
75 540
75 540
75 540
75 540
75 541
75 541
75 541
75 541
75 541
75 541
75 541
75 541
75 541
75 541
75 541
75 541
75 541
75 541
75 541
75 541
75 541
75 541
75 541
75 541
75 541
75 541
75 540
75 540
75 539
75 539
75 539
75 539
85 398
85 398
85 398
85 398
85 398
85 398
85 398
85 398
85 398
85 398
85 398
85 398
85 398
85 398
85 398
85 398
85 398
85 398
85 398
85 398
85 398
85 398
85 398
85 398
85 398
85 398
85 398
85 398
85 398
85 398
85 398
85 398
85 398
85 398
85 398
85 398
85 398
85 398
85 398
85 398
85 398
85 398
85 398
85 398
85 398
85 398
85 398
85 398
85 398
85 398
85 398
85 398
85 398
85 398
85 398
85 398
85 398
85 398
85 398
85 398
85 398
85 398
85 398
85 398
85 398
85 398
85 398
85 398
85 398
85 398
85 398
85 398
85 398
85 398
85 398
85 398
85 398
85 398
85 398
85 398
85 398
85 398
85 398
85 398
85 398
85 398
85 398
85 398
85 398
85 398
85 398
85 398
85 398
85 398
85 398
85 398
85 398
85 398
85 398
85 398
69 142
69 142
69 142
69 142
69 141
69 141
69 141
69 141
69 141
69 141
69 141
69 141
69 141
69 141
69 141
69 141
69 141
69 141
69 141
69 141
69 141
69 141
69 141
69 141
69 141
69 141
69 141
69 141
69 141
69 141
69 141
69 141
69 141
69 141
69 141
69 141
69 141
69 142
69 142
69 142
69 142
69 142
69 142
69 142
69 142
69 142
69 142
69 142
69 142
69 142
69 142
69 142
69 142
69 142
69 142
69 142
69 142
69 142
69 142
69 142
69 142
69 142
69 142
69 142
69 142
69 142
69 142
69 142
69 141
69 141
69 141
69 141
69 141
69 141
69 140
69 140
69 140
69 140
69 140
69 140
69 140
69 140
69 140
69 140
69 140
69 140
69 140
69 140
69 140
69 140
69 140
69 140
69 140
69 140
69 140
69 140
69 140
69 140
69 139
69 139
84 224
84 224
84 224
84 224
84 224
84 224
84 224
84 224
84 224
84 224
84 224
84 224
84 224
84 224
84 224
84 224
84 224
84 224
84 224
84 224
84 224
84 224
84 224
84 224
84 224
84 224
84 224
84 224
84 224
84 224
84 224
84 224
84 224
84 224
84 224
84 224
84 224
84 224
84 224
84 224
84 224
84 224
84 224
84 224
84 224
84 224
84 224
84 224
84 224
84 224
84 224
84 224
84 224
84 224
84 224
84 224
84 224
84 224
84 224
84 224
84 224
84 224
84 224
84 224
84 224
84 224
84 224
84 224
84 224
84 224
84 224
84 224
84 224
84 224
84 224
84 224
84 224
84 224
84 224
84 224
84 224
84 224
84 224
84 224
84 224
84 224
84 224
84 224
84 224
84 224
84 224
84 224
84 224
84 224
84 224
84 224
84 224
84 224
84 224
84 224
3 397
3 397
3 397
3 397
3 397
3 397
3 397
3 397
3 397
3 396
3 396
3 396
3 396
3 396
3 396
3 396
3 396
3 396
3 396
3 396
3 396
3 396
3 396
3 396
3 396
3 396
3 396
3 396
3 396
3 396
3 397
3 397
3 397
3 397
3 397
3 397
3 397
3 397
3 397
3 397
3 397
3 397
3 397
3 397
3 397
3 397
3 397
3 397
3 397
3 397
3 397
3 397
3 397
3 397
3 397
3 397
3 397
3 397
3 397
3 397
3 397
3 397
3 397
3 397
3 397
3 397
3 397
3 397
3 397
3 397
3 397
3 397
3 397
3 397
3 397
3 397
3 397
3 397
3 398
3 398
3 398
3 398
3 398
3 399
3 399
3 399
3 399
3 399
3 399
3 399
3 399
3 399
3 399
3 399
3 399
3 399
3 399
3 399
3 399
3 399
60 520
60 520
60 520
60 520
60 520
60 520
60 520
60 520
60 520
60 520
60 520
60 520
60 520
60 520
60 520
60 520
60 520
60 520
60 520
60 520
60 520
60 519
60 519
60 519
60 519
60 519
60 519
60 519
60 519
60 519
60 519
60 519
60 519
60 518
60 518
60 518
60 518
60 518
60 518
60 518
60 518
60 518
60 518
60 518
60 518
60 518
60 518
60 518
60 518
60 518
60 518
60 518
60 518
60 518
60 518
60 518
60 519
60 519
60 519
60 519
60 519
60 519
60 519
60 519
60 519
60 519
60 520
60 520
60 520
60 520
60 520
60 520
60 520
60 520
60 520
60 520
60 520
60 520
60 520
60 520
60 520
60 520
60 520
60 520
60 520
60 520
60 520
60 520
60 520
60 520
60 520
60 520
60 520
60 521
60 521
60 521
60 521
60 521
60 521
60 521
35 890
35 890
35 890
35 890
35 890
35 890
35 890
35 890
35 890
35 890
35 890
35 890
35 890
35 890
35 890
35 890
35 890
35 890
35 889
35 888
35 888
35 888
35 888
35 888
35 888
35 888
35 888
35 888
35 888
35 888
35 888
35 888
35 888
35 888
35 888
35 888
35 888
35 888
35 888
35 888
35 888
35 888
35 888
35 888
35 888
35 888
35 888
35 888
35 888
35 888
35 888
35 888
35 888
35 888
35 888
35 888
35 888
35 888
35 888
35 888
35 888
35 888
35 888
35 888
35 888
35 888
35 888
35 888
35 888
35 888
35 888
35 888
35 888
35 888
35 888
35 888
35 888
35 888
35 888
35 888
35 888
35 888
35 888
35 888
35 888
35 888
35 888
35 888
35 888
35 888
35 888
35 888
35 888
35 888
35 888
35 888
35 888
35 888
35 888
35 888
85 398
85 398
85 398
85 398
85 398
85 398
85 398
85 398
85 398
85 398
85 398
85 398
85 398
85 398
85 398
85 398
85 398
85 398
85 398
85 398
85 398
85 398
85 398
85 398
85 398
85 398
85 398
85 398
85 398
85 398
85 398
85 398
85 398
85 398
85 398
85 398
85 398
85 398
85 398
85 398
85 398
85 398
85 398
85 398
85 398
85 397
85 397
85 397
85 397
85 397
85 397
85 397
85 397
85 397
85 397
85 397
85 397
85 397
85 397
85 397
85 397
85 397
85 397
85 397
85 396
85 396
85 396
85 396
85 396
85 396
85 396
85 396
85 396
85 396
85 396
85 396
85 396
85 396
85 396
85 396
85 396
85 396
85 396
85 396
85 397
85 397
85 397
85 397
85 398
85 398
85 398
85 398
85 398
85 398
85 398
85 398
85 398
85 398
85 398
85 398
42 134
42 134
42 134
42 134
42 134
42 134
42 134
42 134
42 134
42 134
42 134
42 134
42 134
42 134
42 134
42 135
42 135
42 135
42 135
42 135
42 135
42 135
42 135
42 135
42 135
42 135
42 135
42 135
42 135
42 135
42 135
42 135
42 135
42 135
42 135
42 135
42 135
42 135
42 135
42 135
42 135
42 135
42 135
42 135
42 135
42 135
42 135
42 135
42 135
42 135
42 135
42 135
42 135
42 135
42 135
42 135
42 135
42 135
42 135
42 135
42 135
42 135
42 135
42 135
42 135
42 135
42 135
42 135
42 135
42 135
42 135
42 135
42 135
42 135
42 135
42 135
42 135
42 135
42 135
42 135
42 135
42 135
42 135
42 135
42 135
42 135
42 135
42 135
42 135
42 135
42 135
42 135
42 135
42 135
42 135
42 135
42 135
42 135
42 135
42 135
84 223
84 223
84 223
84 223
84 223
84 223
84 223
84 223
84 223
84 223
84 223
84 223
84 223
84 223
84 223
84 224
84 224
84 224
84 225
84 225
84 225
84 225
84 225
84 225
84 225
84 225
84 225
84 225
84 225
84 225
84 225
84 225
84 225
84 225
84 225
84 225
84 225
84 225
84 225
84 225
84 225
84 225
84 225
84 225
84 225
84 225
84 225
84 225
84 225
84 225
84 225
84 225
84 225
84 225
84 225
84 225
84 225
84 225
84 225
84 225
84 225
84 225
84 225
84 225
84 225
84 225
84 225
84 225
84 225
84 225
84 225
84 225
84 225
84 225
84 225
84 225
84 225
84 225
84 225
84 225
84 225
84 225
84 225
84 225
84 225
84 225
84 225
84 225
84 225
84 225
84 225
84 226
84 225
84 225
84 225
84 225
84 225
84 225
84 225
84 225
1 750
1 750
1 750
1 750
1 750
1 750
1 750
1 750
1 749
1 749
1 749
1 749
1 749
1 749
1 749
1 749
1 749
1 749
1 749
1 749
1 749
1 749
1 749
1 749
1 749
1 749
1 749
1 749
1 749
1 749
1 749
1 749
1 749
1 749
1 749
1 749
1 749
1 749
1 749
1 749
1 749
1 749
1 749
1 749
1 749
1 749
1 749
1 749
1 749
1 749
1 749
1 749
1 749
1 749
1 749
1 749
1 749
1 749
1 749
1 749
1 749
1 749
1 749
1 749
1 749
1 749
1 749
1 749
1 749
1 749
1 749
1 749
1 749
1 749
1 749
1 749
1 749
1 749
1 749
1 749
1 749
1 749
1 749
1 749
1 749
1 749
1 749
1 749
1 749
1 749
1 749
1 749
1 749
1 749
1 749
1 749
1 749
1 749
1 749
1 749
75 539
75 539
75 539
75 539
75 539
75 539
75 539
75 539
75 539
75 539
75 539
75 539
75 539
75 538
75 538
75 538
75 538
75 538
75 538
75 538
75 538
75 538
75 538
75 538
75 538
75 538
75 538
75 538
75 538
75 538
75 538
75 538
75 538
75 538
75 538
75 538
75 538
75 538
75 538
75 538
75 538
75 538
75 538
75 538
75 538
75 538
75 538
75 538
75 538
75 538
75 538
75 538
75 538
75 538
75 538
75 538
75 538
75 538
75 538
75 538
75 538
75 538
75 538
75 538
75 538
75 538
75 537
75 537
75 537
75 537
75 537
75 537
75 537
75 537
75 537
75 537
75 537
75 537
75 537
75 537
75 537
75 537
75 537
75 537
75 537
75 537
75 537
75 537
75 537
75 537
75 537
75 538
75 538
75 538
75 538
75 538
75 538
75 538
75 538
75 538
32 978
32 978
32 978
32 978
32 978
32 978
32 978
32 978
32 978
32 978
32 978
32 978
32 978
32 978
32 978
32 978
32 977
32 977
32 977
32 977
32 977
32 977
32 977
32 977
32 977
32 977
32 977
32 977
32 977
32 977
32 977
32 977
32 977
32 977
32 978
32 978
32 978
32 978
32 978
32 978
32 978
32 978
32 978
32 978
32 978
32 977
32 977
32 977
32 977
32 977
32 977
32 977
32 977
32 977
32 977
32 977
32 977
32 977
32 977
32 977
32 977
32 977
32 977
32 977
32 977
32 977
32 977
32 977
32 977
32 977
32 977
32 977
32 977
32 977
32 977
32 977
32 977
32 977
32 977
32 977
32 977
32 977
32 977
32 977
32 977
32 978
32 979
32 979
32 979
32 979
32 979
32 979
32 979
32 979
32 979
32 979
32 979
32 979
32 979
32 979
99 907
99 907
99 907
99 907
99 907
99 907
99 908
99 908
99 908
99 908
99 908
99 908
99 908
99 908
99 908
99 908
99 908
99 908
99 908
99 908
99 908
99 908
99 908
99 908
99 908
99 908
99 908
99 908
99 908
99 908
99 908
99 908
99 908
99 908
99 908
99 908
99 908
99 908
99 908
99 908
99 908
99 908
99 908
99 908
99 908
99 908
99 908
99 908
99 908
99 908
99 907
99 907
99 907
99 907
99 907
99 907
99 908
99 908
99 908
99 908
99 907
99 907
99 907
99 906
99 906
99 906
99 906
99 906
99 906
99 906
99 906
99 906
99 906
99 906
99 906
99 906
99 906
99 906
99 907
99 907
99 907
99 906
99 906
99 906
99 906
99 906
99 906
99 906
99 906
99 906
99 906
99 906
99 906
99 906
99 906
99 906
99 906
99 906
99 906
99 906
40 472
40 472
40 472
40 472
40 472
40 472
40 472
40 472
40 472
40 473
40 473
40 473
40 473
40 473
40 473
40 473
40 473
40 473
40 473
40 473
40 473
40 473
40 473
40 472
40 472
40 472
40 472
40 472
40 472
40 472
40 472
40 472
40 472
40 472
40 472
40 472
40 472
40 472
40 472
40 472
40 472
40 472
40 472
40 472
40 472
40 472
40 472
40 472
40 472
40 471
40 471
40 471
40 471
40 471
40 471
40 471
40 471
40 471
40 471
40 471
40 471
40 471
40 471
40 471
40 471
40 471
40 471
40 471
40 471
40 471
40 471
40 471
40 471
40 471
40 470
40 470
40 470
40 470
40 470
40 470
40 471
40 471
40 471
40 471
40 471
40 471
40 471
40 471
40 471
40 471
40 471
40 471
40 471
40 471
40 471
40 471
40 471
40 470
40 470
40 470
55 153
55 153
55 153
55 153
55 153
55 153
55 153
55 153
55 153
55 153
55 153
55 152
55 152
55 152
55 152
55 152
55 152
55 152
55 152
55 152
55 152
55 152
55 152
55 152
55 152
55 152
55 152
55 152
55 152
55 152
55 152
55 152
55 152
55 152
55 153
55 153
55 153
55 153
55 153
55 153
55 153
55 153
55 152
55 152
55 152
55 152
55 152
55 152
55 152
55 152
55 152
55 152
55 152
55 152
55 152
55 152
55 152
55 152
55 152
55 152
55 152
55 152
55 152
55 152
55 152
55 152
55 153
55 153
55 153
55 153
55 153
55 153
55 153
55 153
55 153
55 153
55 153
55 153
55 153
55 153
55 153
55 153
55 153
55 153
55 153
55 153
55 153
55 153
55 153
55 153
55 153
55 153
55 153
55 153
55 153
55 153
55 153
55 153
55 153
55 153
40 470
40 470
40 470
40 470
40 470
40 470
40 470
40 470
40 470
40 469
40 469
40 469
40 469
40 469
40 469
40 469
40 469
40 469
40 469
40 469
40 469
40 469
40 469
40 469
40 469
40 469
40 469
40 469
40 469
40 469
40 469
40 469
40 469
40 469
40 469
40 469
40 469
40 469
40 469
40 469
40 469
40 469
40 469
40 469
40 469
40 469
40 469
40 469
40 469
40 469
40 469
40 469
40 469
40 469
40 469
40 470
40 470
40 470
40 470
40 470
40 472
40 472
40 472
40 472
40 472
40 472
40 472
40 472
40 472
40 472
40 472
40 472
40 472
40 472
40 472
40 472
40 472
40 472
40 472
40 472
40 472
40 472
40 472
40 472
40 472
40 472
40 472
40 472
40 472
40 472
40 472
40 472
40 472
40 472
40 473
40 473
40 473
40 473
40 474
40 474
17 38
17 38
17 38
17 38
17 38
17 38
17 38
17 38
17 38
17 38
17 38
17 38
17 38
17 38
17 38
17 38
17 38
17 38
17 38
17 38
17 38
17 38
17 38
17 38
17 38
17 38
17 38
17 38
17 38
17 38
17 38
17 38
17 38
17 38
17 38
17 38
17 38
17 38
17 38
17 38
17 38
17 38
17 38
17 37
17 37
17 37
17 37
17 37
17 37
17 37
17 37
17 37
17 37
17 37
17 37
17 37
17 37
17 37
17 37
17 37
17 37
17 37
17 37
17 37
17 37
17 37
17 37
17 37
17 37
17 37
17 37
17 37
17 37
17 37
17 37
17 37
17 37
17 37
17 37
17 37
17 37
17 37
17 37
17 37
17 37
17 37
17 37
17 37
17 37
17 37
17 37
17 37
17 37
17 37
17 37
17 37
17 37
17 37
17 37
17 37
10 272
10 272
10 272
10 272
10 271
10 271
10 271
10 271
10 271
10 271
10 271
10 271
10 271
10 271
10 271
10 271
10 271
10 271
10 271
10 271
10 271
10 271
10 271
10 271
10 271
10 271
10 271
10 271
10 271
10 271
10 271
10 271
10 271
10 271
10 271
10 271
10 271
10 271
10 271
10 271
10 271
10 271
10 271
10 271
10 271
10 271
10 271
10 271
10 271
10 271
10 271
10 271
10 271
10 271
10 271
10 271
10 271
10 271
10 271
10 271
10 271
10 271
10 271
10 271
10 271
10 271
10 271
10 271
10 271
10 271
10 271
10 271
10 271
10 271
10 271
10 271
10 271
10 272
10 272
10 272
10 272
10 272
10 272
10 272
10 272
10 272
10 272
10 272
10 273
10 273
10 273
10 273
10 273
10 273
10 273
10 273
10 273
10 273
10 273
10 273
54 512
54 512
54 512
54 512
54 512
54 512
54 512
54 512
54 512
54 512
54 512
54 512
54 512
54 512
54 512
54 512
54 512
54 512
54 512
54 512
54 512
54 512
54 513
54 513
54 513
54 513
54 513
54 513
54 513
54 513
54 513
54 513
54 513
54 513
54 513
54 513
54 513
54 513
54 513
54 513
54 513
54 513
54 513
54 513
54 513
54 513
54 513
54 513
54 513
54 513
54 513
54 513
54 513
54 513
54 513
54 513
54 512
54 512
54 512
54 512
54 512
54 512
54 512
54 512
54 512
54 512
54 512
54 512
54 512
54 512
54 512
54 512
54 512
54 512
54 512
54 512
54 512
54 512
54 512
54 512
54 511
54 511
54 511
54 511
54 511
54 511
54 511
54 511
54 511
54 511
54 511
54 511
54 511
54 511
54 511
54 511
54 510
54 510
54 510
54 510
55 153
55 153
55 153
55 153
55 152
55 152
55 152
55 152
55 152
55 152
55 152
55 152
55 152
55 152
55 152
55 152
55 152
55 152
55 152
55 152
55 152
55 152
55 152
55 152
55 153
55 153
55 153
55 153
55 153
55 153
55 153
55 153
55 153
55 153
55 153
55 153
55 153
55 153
55 152
55 152
55 152
55 152
55 152
55 152
55 152
55 152
55 152
55 152
55 152
55 152
55 152
55 151
55 151
55 151
55 150
55 150
55 150
55 150
55 150
55 150
55 150
55 150
55 150
55 150
55 150
55 150
55 150
55 150
55 151
55 151
55 151
55 151
55 151
55 151
55 151
55 151
55 151
55 151
55 151
55 151
55 151
55 151
55 151
55 151
55 151
55 151
55 151
55 151
55 151
55 151
55 151
55 151
55 151
55 151
55 151
55 151
55 151
55 151
55 151
55 151
67 440
67 440
67 440
67 440
67 440
67 440
67 440
67 440
67 440
67 440
67 440
67 440
67 440
67 440
67 440
67 440
67 440
67 440
67 440
67 440
67 440
67 440
67 440
67 440
67 439
67 439
67 439
67 439
67 439
67 439
67 440
67 440
67 440
67 440
67 440
67 440
67 440
67 440
67 440
67 440
67 440
67 440
67 440
67 440
67 440
67 440
67 440
67 440
67 440
67 440
67 440
67 440
67 440
67 440
67 440
67 440
67 440
67 440
67 440
67 440
67 440
67 440
67 440
67 440
67 440
67 440
67 440
67 440
67 440
67 440
67 440
67 440
67 440
67 440
67 440
67 440
67 440
67 440
67 440
67 440
67 440
67 440
67 440
67 440
67 440
67 440
67 440
67 440
67 440
67 439
67 439
67 439
67 440
67 440
67 440
67 440
67 440
67 440
67 440
67 440
82 409
82 409
82 409
82 409
82 409
82 409
82 409
82 409
82 409
82 409
82 409
82 409
82 409
82 410
82 410
82 410
82 410
82 410
82 410
82 410
82 410
82 410
82 410
82 410
82 410
82 410
82 410
82 410
82 410
82 410
82 410
82 410
82 409
82 409
82 409
82 409
82 409
82 409
82 409
82 409
82 409
82 409
82 409
82 409
82 409
82 409
82 409
82 409
82 409
82 409
82 409
82 409
82 409
82 409
82 409
82 409
82 409
82 409
82 409
82 409
82 409
82 409
82 409
82 409
82 409
82 408
82 408
82 408
82 408
82 408
82 408
82 408
82 408
82 408
82 408
82 408
82 408
82 408
82 408
82 408
82 408
82 408
82 408
82 407
82 408
82 408
82 408
82 408
82 408
82 408
82 408
82 408
82 408
82 408
82 408
82 408
82 408
82 408
82 408
82 407
57 347
57 347
57 347
57 347
57 347
57 347
57 347
57 347
57 347
57 347
57 347
57 347
57 347
57 347
57 347
57 347
57 347
57 347
57 347
57 347
57 347
57 347
57 347
57 347
57 347
57 347
57 347
57 347
57 347
57 347
57 347
57 347
57 347
57 347
57 347
57 347
57 347
57 347
57 347
57 347
57 347
57 347
57 347
57 347
57 347
57 347
57 348
57 348
57 348
57 348
57 348
57 348
57 348
57 348
57 348
57 348
57 348
57 348
57 348
57 348
57 348
57 348
57 348
57 348
57 348
57 348
57 348
57 348
57 348
57 347
57 347
57 347
57 348
57 348
57 348
57 348
57 348
57 348
57 348
57 348
57 348
57 348
57 348
57 348
57 348
57 347
57 347
57 347
57 347
57 347
57 347
57 347
57 347
57 347
57 347
57 347
57 347
57 347
57 347
57 346
38 964
38 964
38 964
38 964
38 964
38 964
38 964
38 964
38 964
38 964
38 964
38 964
38 964
38 964
38 964
38 964
38 964
38 964
38 964
38 964
38 964
38 964
38 964
38 964
38 964
38 964
38 964
38 964
38 964
38 964
38 964
38 964
38 964
38 964
38 964
38 964
38 964
38 964
38 964
38 964
38 964
38 964
38 964
38 964
38 964
38 963
38 963
38 962
38 962
38 961
38 961
38 961
38 961
38 961
38 961
38 961
38 961
38 961
38 962
38 962
38 962
38 962
38 962
38 962
38 962
38 962
38 962
38 962
38 962
38 962
38 962
38 962
38 962
38 962
38 962
38 962
38 962
38 962
38 962
38 962
38 962
38 962
38 962
38 962
38 962
38 962
38 962
38 962
38 962
38 962
38 962
38 962
38 962
38 962
38 962
38 962
38 962
38 962
38 962
38 962
88 618
88 618
88 618
88 618
88 617
88 617
88 617
88 617
88 617
88 617
88 617
88 617
88 617
88 616
88 616
88 616
88 616
88 616
88 616
88 616
88 616
88 616
88 616
88 616
88 616
88 616
88 616
88 616
88 616
88 616
88 616
88 616
88 616
88 616
88 616
88 616
88 616
88 616
88 616
88 615
88 616
88 616
88 616
88 616
88 616
88 616
88 617
88 617
88 617
88 617
88 617
88 617
88 617
88 617
88 617
88 617
88 617
88 617
88 617
88 617
88 617
88 617
88 617
88 617
88 617
88 617
88 617
88 616
88 616
88 616
88 616
88 616
88 616
88 616
88 616
88 616
88 616
88 616
88 616
88 616
88 616
88 616
88 616
88 616
88 616
88 616
88 616
88 616
88 616
88 616
88 616
88 616
88 616
88 616
88 616
88 616
88 616
88 616
88 616
88 616
98 849
98 849
98 849
98 849
98 849
98 849
98 849
98 849
98 849
98 849
98 849
98 849
98 849
98 849
98 849
98 849
98 849
98 849
98 849
98 849
98 849
98 849
98 849
98 849
98 849
98 849
98 849
98 849
98 849
98 849
98 849
98 849
98 849
98 849
98 849
98 849
98 849
98 849
98 849
98 849
98 849
98 849
98 848
98 848
98 848
98 848
98 848
98 848
98 848
98 848
98 848
98 848
98 849
98 849
98 849
98 849
98 849
98 849
98 849
98 849
98 849
98 849
98 849
98 849
98 849
98 849
98 849
98 848
98 848
98 849
98 849
98 849
98 849
98 849
98 849
98 849
98 849
98 849
98 849
98 849
98 848
98 848
98 848
98 848
98 848
98 848
98 848
98 848
98 848
98 848
98 848
98 848
98 848
98 848
98 848
98 849
98 849
98 849
98 849
98 849
67 440
67 439
67 439
67 439
67 439
67 439
67 439
67 438
67 438
67 438
67 438
67 438
67 438
67 438
67 438
67 438
67 438
67 438
67 438
67 438
67 438
67 438
67 438
67 438
67 438
67 438
67 438
67 438
67 438
67 438
67 438
67 438
67 438
67 438
67 438
67 438
67 438
67 438
67 438
67 438
67 438
67 438
67 438
67 438
67 438
67 438
67 438
67 438
67 438
67 438
67 438
67 438
67 438
67 438
67 438
67 437
67 437
67 437
67 437
67 437
67 437
67 437
67 437
67 437
67 437
67 437
67 437
67 437
67 437
67 437
67 436
67 436
67 436
67 436
67 436
67 436
67 436
67 436
67 436
67 436
67 436
67 436
67 436
67 436
67 436
67 436
67 436
67 436
67 436
67 436
67 436
67 436
67 436
67 436
67 436
67 436
67 436
67 436
67 436
67 436
41 30
41 30
41 30
41 30
41 30
41 30
41 30
41 30
41 30
41 30
41 30
41 30
41 30
41 30
41 30
41 29
41 29
41 29
41 29
41 29
41 29
41 29
41 29
41 29
41 29
41 29
41 29
41 29
41 29
41 29
41 29
41 29
41 29
41 29
41 29
41 29
41 29
41 29
41 29
41 29
41 29
41 29
41 29
41 29
41 29
41 29
41 30
41 30
41 30
41 30
41 30
41 29
41 29
41 29
41 29
41 29
41 29
41 29
41 29
41 29
41 29
41 29
41 29
41 29
41 29
41 29
41 29
41 29
41 29
41 29
41 29
41 29
41 29
41 29
41 29
41 29
41 29
41 29
41 29
41 29
41 29
41 29
41 29
41 29
41 29
41 29
41 29
41 29
41 29
41 29
41 29
41 29
41 29
41 29
41 29
41 29
41 29
41 29
41 29
41 29
73 501
73 501
73 501
73 501
73 501
73 501
73 501
73 501
73 501
73 501
73 501
73 501
73 501
73 501
73 501
73 501
73 501
73 501
73 500
73 500
73 500
73 500
73 500
73 500
73 500
73 500
73 500
73 500
73 500
73 500
73 500
73 500
73 500
73 500
73 500
73 500
73 500
73 500
73 500
73 500
73 500
73 500
73 500
73 500
73 500
73 500
73 500
73 500
73 500
73 500
73 500
73 500
73 500
73 500
73 500
73 500
73 500
73 500
73 500
73 500
73 500
73 500
73 500
73 500
73 500
73 500
73 500
73 500
73 500
73 500
73 500
73 500
73 500
73 500
73 500
73 500
73 500
73 500
73 500
73 500
73 500
73 500
73 500
73 500
73 500
73 500
73 500
73 500
73 500
73 500
73 500
73 500
73 500
73 500
73 500
73 500
73 500
73 500
73 500
73 500
17 37
17 37
17 37
17 37
17 37
17 37
17 37
17 37
17 37
17 37
17 38
17 38
17 38
17 38
17 38
17 38
17 38
17 38
17 38
17 38
17 38
17 38
17 38
17 38
17 38
17 38
17 38
17 38
17 38
17 38
17 38
17 38
17 39
17 39
17 39
17 39
17 39
17 39
17 39
17 39
17 39
17 39
17 39
17 39
17 39
17 39
17 39
17 39
17 39
17 39
17 39
17 38
17 38
17 38
17 38
17 38
17 38
17 38
17 38
17 38
17 38
17 38
17 38
17 37
17 37
17 37
17 37
17 37
17 37
17 37
17 37
17 37
17 37
17 37
17 37
17 37
17 37
17 37
17 37
17 37
17 37
17 37
17 37
17 37
17 37
17 36
17 36
17 37
17 36
17 36
17 36
17 36
17 36
17 36
17 36
17 36
17 36
17 36
17 36
17 36
16 137
16 137
16 137
16 137
16 137
16 137
16 137
16 137
16 137
16 137
16 137
16 137
16 136
16 136
16 136
16 136
16 136
16 136
16 136
16 136
16 136
16 136
16 136
16 136
16 136
16 136
16 136
16 135
16 135
16 135
16 135
16 135
16 135
16 135
16 135
16 135
16 135
16 135
16 135
16 135
16 135
16 135
16 135
16 135
16 135
16 135
16 135
16 135
16 135
16 135
16 135
16 135
16 135
16 135
16 135
16 135
16 135
16 136
16 136
16 136
16 136
16 136
16 136
16 136
16 136
16 135
16 135
16 135
16 135
16 135
16 135
16 135
16 135
16 134
16 134
16 134
16 134
16 134
16 134
16 134
16 134
16 134
16 134
16 134
16 134
16 134
16 134
16 134
16 134
16 135
16 135
16 135
16 135
16 135
16 135
16 135
16 135
16 135
16 136
16 136
11 484
11 484
11 484
11 484
11 484
11 484
11 485
11 485
11 485
11 485
11 485
11 485
11 485
11 485
11 485
11 485
11 485
11 485
11 485
11 485
11 485
11 485
11 485
11 485
11 486
11 486
11 486
11 486
11 486
11 486
11 486
11 486
11 486
11 486
11 486
11 486
11 485
11 485
11 485
11 485
11 485
11 485
11 485
11 485
11 485
11 485
11 485
11 485
11 485
11 485
11 485
11 485
11 485
11 485
11 485
11 486
11 486
11 486
11 486
11 486
11 486
11 486
11 485
11 485
11 485
11 485
11 485
11 485
11 485
11 485
11 485
11 485
11 485
11 485
11 485
11 485
11 486
11 486
11 486
11 486
11 486
11 486
11 486
11 486
11 486
11 486
11 486
11 486
11 486
11 486
11 486
11 486
11 486
11 486
11 486
11 486
11 485
11 485
11 485
11 485
38 962
38 962
38 962
38 962
38 962
38 962
38 962
38 962
38 962
38 962
38 962
38 962
38 962
38 962
38 962
38 962
38 962
38 962
38 962
38 962
38 962
38 962
38 962
38 962
38 962
38 962
38 962
38 962
38 962
38 962
38 962
38 963
38 963
38 963
38 963
38 963
38 963
38 963
38 962
38 962
38 962
38 962
38 962
38 962
38 962
38 962
38 962
38 962
38 962
38 962
38 962
38 962
38 962
38 962
38 961
38 961
38 961
38 961
38 961
38 961
38 961
38 961
38 961
38 961
38 960
38 960
38 960
38 960
38 960
38 960
38 960
38 960
38 960
38 960
38 960
38 959
38 959
38 959
38 959
38 959
38 959
38 959
38 959
38 959
38 959
38 959
38 959
38 959
38 959
38 959
38 959
38 959
38 959
38 959
38 959
38 959
38 959
38 959
38 959
38 959
52 512
52 512
52 512
52 512
52 512
52 512
52 512
52 512
52 512
52 512
52 512
52 512
52 512
52 512
52 512
52 512
52 512
52 512
52 512
52 512
52 512
52 512
52 512
52 512
52 512
52 513
52 513
52 513
52 513
52 513
52 513
52 513
52 513
52 513
52 513
52 513
52 513
52 514
52 514
52 514
52 514
52 514
52 514
52 514
52 514
52 514
52 514
52 514
52 514
52 514
52 514
52 514
52 514
52 514
52 514
52 514
52 513
52 513
52 513
52 513
52 513
52 513
52 512
52 512
52 512
52 512
52 512
52 512
52 512
52 512
52 512
52 512
52 512
52 512
52 513
52 513
52 513
52 513
52 513
52 513
52 513
52 513
52 513
52 513
52 513
52 513
52 513
52 513
52 513
52 513
52 513
52 513
52 513
52 513
52 513
52 514
52 514
52 514
52 514
52 514
14 883
14 883
14 884
14 884
14 884
14 884
14 884
14 884
14 884
14 884
14 884
14 884
14 884
14 884
14 884
14 884
14 884
14 884
14 884
14 884
14 884
14 884
14 884
14 884
14 884
14 884
14 884
14 884
14 884
14 884
14 884
14 884
14 884
14 884
14 884
14 884
14 884
14 884
14 884
14 884
14 884
14 884
14 884
14 884
14 884
14 884
14 884
14 884
14 884
14 884
14 884
14 884
14 884
14 884
14 884
14 884
14 884
14 884
14 884
14 884
14 884
14 884
14 884
14 884
14 884
14 884
14 884
14 884
14 884
14 884
14 884
14 884
14 884
14 885
14 885
14 885
14 885
14 885
14 885
14 885
14 885
14 885
14 885
14 885
14 885
14 885
14 885
14 885
14 885
14 885
14 885
14 885
14 885
14 885
14 885
14 885
14 885
14 885
14 885
14 885
98 849
98 849
98 849
98 849
98 849
98 849
98 849
98 849
98 849
98 849
98 849
98 849
98 849
98 849
98 849
98 848
98 848
98 848
98 848
98 848
98 848
98 848
98 848
98 848
98 848
98 848
98 848
98 848
98 848
98 847
98 847
98 847
98 847
98 847
98 847
98 847
98 847
98 847
98 847
98 847
98 847
98 847
98 847
98 847
98 847
98 847
98 847
98 847
98 847
98 847
98 847
98 847
98 847
98 847
98 847
98 847
98 847
98 847
98 847
98 847
98 847
98 847
98 847
98 847
98 848
98 848
98 848
98 847
98 847
98 846
98 846
98 846
98 846
98 846
98 846
98 846
98 846
98 846
98 846
98 846
98 845
98 845
98 845
98 845
98 845
98 846
98 846
98 846
98 846
98 846
98 846
98 846
98 846
98 846
98 846
98 846
98 846
98 846
98 846
98 846
39 232
39 232
39 232
39 232
39 232
39 232
39 232
39 232
39 232
39 232
39 232
39 232
39 233
39 233
39 233
39 233
39 233
39 233
39 233
39 233
39 233
39 233
39 233
39 233
39 233
39 233
39 233
39 233
39 233
39 233
39 233
39 233
39 233
39 233
39 233
39 233
39 233
39 233
39 233
39 233
39 233
39 233
39 233
39 233
39 233
39 233
39 233
39 233
39 233
39 233
39 233
39 232
39 232
39 232
39 232
39 232
39 232
39 233
39 233
39 233
39 233
39 233
39 233
39 233
39 233
39 233
39 233
39 233
39 233
39 233
39 233
39 232
39 232
39 231
39 231
39 231
39 231
39 231
39 231
39 231
39 231
39 231
39 231
39 231
39 231
39 231
39 231
39 231
39 231
39 231
39 231
39 231
39 231
39 231
39 231
39 231
39 231
39 231
39 231
39 231
52 514
52 514
52 514
52 514
52 514
52 514
52 514
52 514
52 514
52 514
52 514
52 514
52 514
52 514
52 514
52 514
52 514
52 514
52 514
52 514
52 514
52 514
52 514
52 514
52 514
52 514
52 514
52 514
52 514
52 514
52 514
52 514
52 514
52 514
52 514
52 514
52 514
52 514
52 514
52 514
52 514
52 514
52 515
52 515
52 515
52 515
52 515
52 515
52 515
52 515
52 515
52 515
52 515
52 515
52 515
52 515
52 515
52 515
52 515
52 515
52 515
52 515
52 515
52 515
52 515
52 515
52 515
52 515
52 515
52 515
52 515
52 515
52 515
52 515
52 515
52 515
52 515
52 515
52 515
52 515
52 515
52 515
52 515
52 515
52 515
52 515
52 515
52 515
52 515
52 515
52 515
52 515
52 515
52 515
52 515
52 515
52 515
52 515
52 515
52 515
92 1003
92 1003
92 1003
92 1003
92 1003
92 1003
92 1003
92 1003
92 1003
92 1003
92 1003
92 1003
92 1003
92 1003
92 1003
92 1003
92 1003
92 1003
92 1003
92 1003
92 1003
92 1003
92 1003
92 1003
92 1003
92 1003
92 1003
92 1003
92 1003
92 1003
92 1003
92 1003
92 1003
92 1003
92 1003
92 1003
92 1003
92 1003
92 1003
92 1003
92 1003
92 1003
92 1003
92 1003
92 1003
92 1002
92 1002
92 1002
92 1002
92 1002
92 1002
92 1002
92 1002
92 1002
92 1002
92 1002
92 1002
92 1002
92 1002
92 1002
92 1002
92 1002
92 1002
92 1002
92 1002
92 1002
92 1002
92 1002
92 1002
92 1001
92 1001
92 1001
92 1001
92 1001
92 1001
92 1001
92 1001
92 1001
92 1001
92 1001
92 1001
92 1001
92 1001
92 1001
92 1001
92 1001
92 1001
92 1001
92 1001
92 1001
92 1001
92 1001
92 1001
92 1001
92 1001
92 1001
92 1001
92 1001
92 1001
92 1001
75 538
75 538
75 538
75 539
75 539
75 539
75 539
75 539
75 539
75 539
75 539
75 539
75 539
75 539
75 539
75 539
75 539
75 539
75 539
75 539
75 539
75 539
75 539
75 539
75 540
75 540
75 540
75 540
75 540
75 540
75 540
75 540
75 540
75 540
75 540
75 540
75 540
75 540
75 540
75 540
75 541
75 541
75 541
75 541
75 541
75 541
75 541
75 541
75 541
75 541
75 541
75 541
75 540
75 540
75 540
75 540
75 540
75 540
75 540
75 540
75 540
75 540
75 540
75 540
75 540
75 540
75 540
75 540
75 540
75 540
75 540
75 540
75 540
75 540
75 540
75 540
75 540
75 540
75 540
75 540
75 540
75 540
75 540
75 540
75 540
75 540
75 540
75 540
75 540
75 540
75 540
75 540
75 540
75 540
75 540
75 540
75 540
75 540
75 540
75 540
53 772
53 772
53 772
53 331
53 331
53 331
53 331
53 331
53 331
53 331
53 331
53 331
53 331
53 331
53 331
53 331
53 331
53 331
53 331
53 331
53 331
53 331
53 331
53 331
53 331
53 331
53 331
53 331
53 331
53 331
53 331
53 331
53 330
53 330
53 330
53 330
53 329
53 329
53 329
53 329
53 328
53 328
53 328
53 328
53 328
53 328
53 328
53 328
53 328
53 328
53 328
53 328
53 328
53 328
53 328
53 328
53 328
53 328
53 328
53 328
53 328
53 328
53 327
53 327
53 327
53 327
53 327
53 327
53 327
53 327
53 327
53 327
53 327
53 326
53 326
53 326
53 326
53 326
53 326
53 326
53 326
53 326
53 326
53 326
53 326
53 326
53 326
53 326
53 326
53 326
53 327
53 327
53 327
53 327
53 327
53 327
53 327
53 327
53 327
53 327
67 436
67 436
67 436
67 436
67 436
67 436
67 436
67 436
67 436
67 436
67 436
67 436
67 436
67 436
67 436
67 436
67 436
67 436
67 436
67 436
67 436
67 436
67 436
67 436
67 436
67 436
67 436
67 436
67 436
67 436
67 436
67 436
67 436
67 436
67 436
67 436
67 436
67 436
67 436
67 436
67 436
67 436
67 436
67 436
67 436
67 435
67 435
67 435
67 434
67 434
67 434
67 434
67 434
67 434
67 434
67 434
67 434
67 434
67 434
67 434
67 434
67 434
67 434
67 434
67 434
67 434
67 434
67 434
67 434
67 434
67 434
67 434
67 434
67 434
67 434
67 434
67 434
67 434
67 434
67 434
67 434
67 434
67 434
67 434
67 434
67 434
67 434
67 434
67 434
67 434
67 434
67 434
67 434
67 434
67 434
67 434
67 434
67 434
67 434
67 435
8 912
8 912
8 912
8 912
8 912
8 912
8 912
8 912
8 912
8 912
8 912
8 912
8 912
8 912
8 912
8 912
8 912
8 912
8 912
8 912
8 912
8 912
8 912
8 912
8 912
8 912
8 912
8 912
8 912
8 912
8 912
8 912
8 912
8 912
8 912
8 912
8 912
8 912
8 912
8 912
8 912
8 912
8 912
8 912
8 912
8 912
8 912
8 912
8 912
8 912
8 912
8 912
8 912
8 912
8 912
8 912
8 912
8 912
8 912
8 912
8 912
8 912
8 912
8 912
8 912
8 912
8 912
8 912
8 912
8 912
8 912
8 912
8 912
8 912
8 912
8 912
8 912
8 912
8 912
8 912
8 912
8 912
8 911
8 911
8 911
8 911
8 911
8 911
8 911
8 911
8 911
8 911
8 911
8 911
8 911
8 911
8 911
8 911
8 911
8 911
4 371
4 371
4 371
4 371
4 371
4 370
4 370
4 370
4 370
4 370
4 370
4 370
4 370
4 370
4 370
4 370
4 370
4 370
4 370
4 370
4 370
4 371
4 371
4 371
4 371
4 371
4 371
4 371
4 370
4 370
4 370
4 370
4 370
4 370
4 370
4 370
4 369
4 369
4 369
4 369
4 369
4 369
4 369
4 369
4 369
4 369
4 369
4 369
4 369
4 369
4 369
4 369
4 369
4 369
4 369
4 369
4 369
4 369
4 369
4 369
4 369
4 369
4 369
4 369
4 369
4 369
4 369
4 369
4 369
4 369
4 369
4 369
4 369
4 369
4 369
4 369
4 369
4 369
4 369
4 369
4 369
4 369
4 369
4 369
4 369
4 369
4 369
4 369
4 369
4 369
4 369
4 369
4 369
4 370
4 370
4 370
4 370
4 370
4 370
4 370
8 911
8 911
8 911
8 911
8 911
8 911
8 911
8 911
8 911
8 911
8 911
8 911
8 911
8 911
8 911
8 911
8 911
8 910
8 910
8 910
8 910
8 910
8 910
8 910
8 910
8 910
8 910
8 910
8 910
8 910
8 910
8 910
8 910
8 910
8 910
8 910
8 910
8 910
8 910
8 910
8 910
8 910
8 910
8 910
8 910
8 910
8 910
8 910
8 910
8 910
8 910
8 910
8 910
8 910
8 910
8 910
8 910
8 910
8 910
8 910
8 910
8 910
8 910
8 910
8 910
8 911
8 911
8 911
8 911
8 911
8 911
8 911
8 911
8 911
8 911
8 911
8 911
8 911
8 911
8 911
8 911
8 911
8 911
8 911
8 911
8 910
8 910
8 910
8 910
8 910
8 910
8 910
8 910
8 910
8 910
8 910
8 910
8 910
8 910
8 910
15 391
15 391
15 391
15 391
15 391
15 391
15 391
15 391
15 391
15 391
15 391
15 391
15 391
15 391
15 391
15 391
15 391
15 391
15 391
15 391
15 391
15 391
15 391
15 391
15 391
15 391
15 391
15 391
15 391
15 391
15 391
15 391
15 391
15 391
15 391
15 391
15 391
15 391
15 391
15 391
15 391
15 391
15 391
15 391
15 391
15 391
15 391
15 391
15 391
15 391
15 391
15 391
15 391
15 391
15 391
15 391
15 390
15 390
15 390
15 390
15 390
15 390
15 390
15 390
15 389
15 389
15 389
15 389
15 389
15 389
15 389
15 389
15 389
15 389
15 389
15 389
15 389
15 389
15 390
15 390
15 390
15 390
15 390
15 390
15 390
15 390
15 390
15 390
15 390
15 390
15 390
15 390
15 390
15 389
15 388
15 388
15 388
15 388
15 388
15 388
44 11
44 11
44 12
44 12
44 12
44 12
44 12
44 12
44 12
44 12
44 12
44 12
44 12
44 12
44 12
44 12
44 12
44 12
44 12
44 12
44 12
44 12
44 12
44 12
44 12
44 12
44 12
44 12
44 12
44 12
44 12
44 12
44 12
44 12
44 12
44 12
44 12
44 12
44 12
44 12
44 12
44 12
44 12
44 12
44 12
44 12
44 12
44 12
44 11
44 11
44 11
44 11
44 11
44 11
44 11
44 11
44 11
44 11
44 11
44 11
44 11
44 11
44 11
44 11
44 11
44 11
44 11
44 11
44 11
44 11
44 11
44 11
44 11
44 11
44 11
44 11
44 11
44 11
44 11
44 11
44 11
44 11
44 11
44 11
44 11
44 11
44 11
44 11
44 11
44 11
44 11
44 11
44 11
44 11
44 11
44 11
44 11
44 11
44 11
44 11
25 485
25 485
25 485
25 485
25 485
25 485
25 485
25 485
25 485
25 485
25 485
25 485
25 485
25 485
25 485
25 485
25 485
25 485
25 485
25 485
25 485
25 485
25 485
25 485
25 486
25 486
25 486
25 486
25 486
25 486
25 486
25 486
25 486
25 486
25 486
25 486
25 486
25 486
25 486
25 486
25 486
25 486
25 486
25 486
25 486
25 486
25 486
25 485
25 485
25 485
25 485
25 485
25 485
25 485
25 485
25 485
25 485
25 485
25 485
25 485
25 485
25 485
25 485
25 484
25 484
25 484
25 484
25 484
25 484
25 484
25 484
25 484
25 484
25 484
25 485
25 485
25 485
25 485
25 485
25 485
25 485
25 485
25 485
25 485
25 485
25 485
25 485
25 485
25 485
25 485
25 485
25 485
25 485
25 485
25 485
25 485
25 485
25 485
25 485
25 485
25 485
25 485
25 485
25 485
25 485
25 485
25 485
25 485
25 485
25 485
25 485
25 484
25 484
25 484
25 484
25 484
25 484
25 484
25 484
25 484
25 484
25 484
25 484
25 484
25 484
25 485
25 485
25 485
25 485
25 485
25 484
25 483
25 483
25 483
25 483
25 483
25 483
25 483
25 483
25 483
25 483
25 483
25 483
25 483
25 483
25 483
25 483
25 483
25 483
25 483
25 483
25 483
25 483
25 483
25 482
25 482
25 482
25 482
25 482
25 482
25 482
25 482
25 482
25 482
25 482
25 482
25 482
25 482
25 482
25 482
25 482
25 482
25 482
25 482
25 482
25 482
25 482
25 482
25 482
25 482
25 482
25 482
25 482
25 482
25 482
25 482
25 482
25 482
25 482
25 482
25 482
25 482
25 482
25 482
25 482
25 482
25 482
25 482
25 482
25 481
98 846
98 846
98 846
98 846
98 846
98 846
98 846
98 846
98 846
98 846
98 846
98 846
98 846
98 846
98 846
98 846
98 846
98 846
98 846
98 846
98 846
98 846
98 846
98 846
98 846
98 846
98 846
98 846
98 846
98 846
98 846
98 846
98 845
98 845
98 845
98 846
98 846
98 846
98 846
98 846
98 846
98 847
98 847
98 847
98 847
98 847
98 847
98 847
98 847
98 847
98 847
98 847
98 847
98 847
98 848
98 848
98 848
98 848
98 847
98 847
98 847
98 847
98 847
98 847
98 847
98 847
98 846
98 846
98 846
98 846
98 846
98 846
98 846
98 846
98 846
98 846
98 846
98 846
98 846
98 846
98 846
98 846
98 846
98 846
98 846
98 846
98 846
98 846
98 846
98 846
98 846
98 846
98 846
98 846
98 846
98 846
98 846
98 846
98 846
98 846
32 979
32 979
32 979
32 979
32 979
32 979
32 979
32 979
32 979
32 979
32 979
32 979
32 979
32 979
32 979
32 979
32 979
32 979
32 979
32 979
32 979
32 979
32 979
32 979
32 979
32 979
32 979
32 979
32 979
32 979
32 979
32 979
32 979
32 979
32 979
32 979
32 979
32 979
32 979
32 979
32 979
32 979
32 979
32 979
32 979
32 979
32 979
32 980
32 980
32 980
32 980
32 980
32 980
32 980
32 980
32 980
32 980
32 980
32 980
32 980
32 980
32 980
32 980
32 980
32 980
32 980
32 980
32 980
32 980
32 980
32 980
32 980
32 980
32 980
32 980
32 980
32 980
32 980
32 980
32 980
32 980
32 980
32 980
32 980
32 980
32 980
32 980
32 980
32 980
32 980
32 980
32 980
32 980
32 979
32 979
32 980
32 980
32 980
32 980
32 980
92 1001
92 1001
92 1001
92 1001
92 1001
92 1001
92 1001
92 1001
92 1001
92 1001
92 1001
92 1001
92 1001
92 1001
92 1001
92 1001
92 1001
92 1001
92 1001
92 1001
92 1001
92 1001
92 1001
92 1001
92 1001
92 1000
92 1000
92 1000
92 1000
92 1000
92 1000
92 1000
92 999
92 999
92 999
92 999
92 999
92 999
92 999
92 999
92 999
92 999
92 999
92 999
92 999
92 999
92 999
92 999
92 999
92 999
92 999
92 999
92 999
92 999
92 999
92 999
92 999
92 999
92 999
92 999
92 999
92 999
92 999
92 999
92 999
92 999
92 999
92 999
92 999
92 999
92 999
92 998
92 998
92 998
92 998
92 998
92 999
92 999
92 999
92 999
92 999
92 999
92 999
92 999
92 999
92 999
92 999
92 999
92 999
92 999
92 999
92 999
92 999
92 999
92 999
92 999
92 999
92 999
92 999
92 999
80 745
80 745
80 745
80 746
80 746
80 746
80 747
80 747
80 747
80 747
80 747
80 747
80 747
80 747
80 747
80 747
80 747
80 747
80 747
80 747
80 747
80 747
80 747
80 747
80 747
80 747
80 748
80 748
80 749
80 749
80 749
80 749
80 749
80 749
80 749
80 749
80 749
80 750
80 750
80 750
80 750
80 750
80 750
80 750
80 750
80 750
80 750
80 750
80 750
80 750
80 750
80 750
80 750
80 750
80 750
80 750
80 750
80 750
80 750
80 750
80 750
80 750
80 750
80 750
80 750
80 750
80 750
80 750
80 750
80 750
80 750
80 750
80 750
80 750
80 750
80 750
80 750
80 750
80 750
80 750
80 750
80 750
80 750
80 750
80 750
80 750
80 750
80 750
80 750
80 750
80 750
80 750
80 750
80 750
80 750
80 750
80 750
80 750
80 750
80 750
90 307
90 307
90 307
90 307
90 307
90 306
90 306
90 306
90 306
90 306
90 306
90 306
90 306
90 306
90 306
90 306
90 306
90 306
90 306
90 306
90 305
90 305
90 305
90 305
90 305
90 305
90 305
90 305
90 305
90 305
90 305
90 305
90 305
90 305
90 306
90 306
90 306
90 306
90 306
90 306
90 306
90 306
90 306
90 306
90 306
90 306
90 306
90 306
90 306
90 306
90 305
90 304
90 304
90 304
90 304
90 304
90 304
90 304
90 304
90 304
90 304
90 304
90 304
90 304
90 304
90 304
90 304
90 304
90 304
90 304
90 304
90 304
90 304
90 304
90 304
90 304
90 304
90 304
90 304
90 304
90 304
90 304
90 304
90 304
90 304
90 304
90 304
90 304
90 304
90 304
90 304
90 304
90 304
90 304
90 304
90 304
90 303
90 303
90 303
90 303
30 741
30 741
30 741
30 741
30 741
30 741
30 741
30 741
30 741
30 741
30 741
30 741
30 741
30 741
30 741
30 741
30 741
30 741
30 741
30 741
30 740
30 740
30 740
30 740
30 740
30 740
30 740
30 740
30 740
30 740
30 740
30 740
30 740
30 740
30 741
30 742
30 742
30 742
30 742
30 742
30 742
30 742
30 743
30 743
30 743
30 743
30 743
30 743
30 743
30 743
30 743
30 743
30 743
30 743
30 743
30 743
30 743
30 743
30 743
30 743
30 743
30 743
30 743
30 743
30 743
30 743
30 743
30 744
30 744
30 744
30 744
30 744
30 744
30 744
30 744
30 744
30 744
30 744
30 744
30 744
30 744
30 744
30 744
30 744
30 744
30 743
30 743
30 743
30 743
30 743
30 743
30 743
30 743
30 743
30 743
30 743
30 743
30 743
30 743
30 743
21 311
21 310
21 310
21 310
21 310
21 310
21 310
21 310
21 310
21 310
21 310
21 310
21 310
21 310
21 310
21 310
21 310
21 310
21 310
21 310
21 310
21 311
21 311
21 311
21 311
21 310
21 310
21 310
21 310
21 310
21 310
21 310
21 310
21 310
21 310
21 310
21 310
21 310
21 310
21 310
21 309
21 309
21 309
21 309
21 309
21 309
21 309
21 309
21 309
21 309
21 309
21 309
21 309
21 308
21 308
21 308
21 308
21 308
21 308
21 308
21 308
21 308
21 308
21 308
21 308
21 307
21 307
21 307
21 307
21 307
21 307
21 307
21 307
21 307
21 307
21 307
21 307
21 307
21 307
21 307
21 307
21 307
21 307
21 307
21 307
21 307
21 307
21 307
21 307
21 307
21 307
21 307
21 307
21 307
21 308
21 308
21 308
21 308
21 308
21 308
40 474
40 474
40 474
40 474
40 474
40 474
40 474
40 474
40 474
40 474
40 474
40 474
40 474
40 474
40 474
40 474
40 474
40 474
40 474
40 474
40 474
40 474
40 474
40 474
40 474
40 474
40 474
40 474
40 474
40 474
40 474
40 474
40 474
40 474
40 474
40 474
40 474
40 474
40 474
40 474
40 474
40 474
40 474
40 474
40 474
40 474
40 474
40 474
40 474
40 474
40 473
40 473
40 473
40 473
40 473
40 472
40 472
40 472
40 472
40 472
40 472
40 472
40 472
40 471
40 471
40 471
40 471
40 471
40 471
40 471
40 471
40 471
40 471
40 471
40 470
40 469
40 469
40 469
40 469
40 469
40 469
40 468
40 468
40 468
40 468
40 468
40 468
40 467
40 467
40 467
40 467
40 467
40 467
40 467
40 467
40 467
40 467
40 467
40 467
40 467
50 108
50 108
50 108
50 108
50 108
50 108
50 108
50 108
50 108
50 108
50 108
50 108
50 108
50 108
50 108
50 108
50 108
50 108
50 108
50 108
50 108
50 108
50 108
50 108
50 108
50 108
50 108
50 108
50 108
50 108
50 108
50 108
50 108
50 108
50 108
50 108
50 108
50 108
50 108
50 107
50 107
50 107
50 108
50 108
50 107
50 107
50 107
50 107
50 107
50 107
50 107
50 107
50 107
50 107
50 107
50 107
50 107
50 106
50 106
50 106
50 106
50 106
50 106
50 106
50 106
50 106
50 107
50 107
50 106
50 106
50 106
50 106
50 106
50 106
50 106
50 107
50 107
50 107
50 107
50 108
50 108
50 108
50 108
50 108
50 108
50 108
50 108
50 107
50 107
50 107
50 107
50 107
50 107
50 107
50 107
50 107
50 107
50 107
50 107
50 107
62 906
62 906
62 906
62 906
62 906
62 906
62 906
62 906
62 907
62 907
62 907
62 907
62 907
62 907
62 906
62 906
62 906
62 906
62 907
62 907
62 907
62 907
62 906
62 906
62 906
62 906
62 906
62 906
62 906
62 906
62 906
62 907
62 907
62 907
62 907
62 907
62 907
62 907
62 907
62 907
62 907
62 907
62 907
62 907
62 908
62 908
62 908
62 908
62 908
62 908
62 909
62 910
62 910
62 910
62 910
62 910
62 910
62 910
62 910
62 910
62 911
62 911
62 911
62 911
62 911
62 911
62 910
62 910
62 910
62 910
62 910
62 910
62 910
62 910
62 910
62 910
62 910
62 910
62 910
62 910
62 910
62 910
62 911
62 911
62 911
62 910
62 910
62 910
62 910
62 911
62 911
62 911
62 911
62 911
62 911
62 911
62 911
62 911
62 911
62 911
66 31
66 31
66 31
66 31
66 31
66 31
66 31
66 31
66 31
66 31
66 31
66 31
66 31
66 31
66 31
66 31
66 31
66 31
66 31
66 31
66 32
66 32
66 32
66 32
66 32
66 32
66 32
66 32
66 32
66 32
66 32
66 32
66 32
66 32
66 32
66 33
66 33
66 33
66 33
66 33
66 33
66 33
66 32
66 32
66 32
66 32
66 32
66 32
66 32
66 32
66 32
66 32
66 32
66 32
66 32
66 32
66 32
66 32
66 32
66 33
66 33
66 33
66 33
66 33
66 33
66 33
66 33
66 33
66 33
66 33
66 33
66 33
66 33
66 33
66 33
66 33
66 33
66 33
66 33
66 33
66 33
66 33
66 33
66 33
66 33
66 33
66 33
66 33
66 33
66 33
66 33
66 33
66 33
66 33
66 33
66 33
66 33
66 33
66 33
66 33
67 435
67 434
67 434
67 434
67 434
67 434
67 434
67 434
67 434
67 434
67 434
67 434
67 434
67 433
67 433
67 433
67 433
67 433
67 433
67 433
67 433
67 433
67 433
67 433
67 434
67 434
67 434
67 434
67 434
67 434
67 434
67 434
67 434
67 434
67 434
67 434
67 434
67 434
67 434
67 434
67 434
67 434
67 434
67 434
67 434
67 434
67 434
67 434
67 434
67 434
67 434
67 433
67 433
67 433
67 433
67 433
67 433
67 433
67 432
67 432
67 432
67 432
67 432
67 432
67 432
67 432
67 432
67 432
67 432
67 432
67 432
67 432
67 432
67 432
67 432
67 432
67 432
67 432
67 432
67 432
67 432
67 432
67 432
67 432
67 432
67 432
67 432
67 432
67 432
67 432
67 432
67 432
67 432
67 432
67 432
67 432
67 432
67 432
67 432
67 432
30 743
30 743
30 743
30 744
30 744
30 744
30 744
30 744
30 744
30 744
30 744
30 744
30 744
30 744
30 744
30 744
30 744
30 744
30 744
30 744
30 744
30 744
30 744
30 744
30 744
30 744
30 744
30 744
30 744
30 743
30 744
30 744
30 744
30 744
30 744
30 744
30 744
30 743
30 743
30 743
30 743
30 743
30 743
30 743
30 743
30 744
30 744
30 744
30 744
30 744
30 744
30 744
30 744
30 744
30 744
30 744
30 744
30 744
30 744
30 744
30 744
30 744
30 744
30 744
30 744
30 744
30 744
30 744
30 744
30 744
30 744
30 744
30 744
30 744
30 744
30 744
30 744
30 744
30 744
30 744
30 744
30 744
30 744
30 744
30 744
30 744
30 744
30 744
30 744
30 744
30 744
30 744
30 744
30 744
30 744
30 744
30 744
30 744
30 744
30 744
77 581
77 581
77 581
77 581
77 581
77 581
77 581
77 581
77 581
77 581
77 581
77 581
77 581
77 581
77 581
77 581
77 581
77 581
77 581
77 581
77 581
77 581
77 581
77 581
77 581
77 581
77 581
77 580
77 580
77 580
77 580
77 580
77 580
77 580
77 579
77 579
77 579
77 579
77 579
77 579
77 579
77 579
77 579
77 579
77 579
77 579
77 579
77 579
77 579
77 579
77 579
77 579
77 579
77 579
77 579
77 579
77 579
77 579
77 579
77 579
77 579
77 579
77 579
77 579
77 579
77 579
77 579
77 579
77 579
77 579
77 578
77 578
77 578
77 578
77 578
77 578
77 578
77 578
77 578
77 578
77 578
77 578
77 578
77 578
77 578
77 578
77 578
77 578
77 578
77 578
77 578
77 578
77 578
77 578
77 578
77 578
77 578
77 578
77 578
77 578
57 346
57 346
57 346
57 346
57 346
57 346
57 346
57 346
57 346
57 346
57 346
57 346
57 347
57 347
57 347
57 347
57 347
57 347
57 347
57 347
57 347
57 347
57 347
57 347
57 347
57 347
57 347
57 347
57 347
57 347
57 347
57 347
57 347
57 347
57 347
57 347
57 347
57 347
57 347
57 347
57 347
57 347
57 347
57 347
57 347
57 347
57 347
57 347
57 347
57 347
57 347
57 347
57 347
57 347
57 347
57 347
57 347
57 347
57 347
57 347
57 346
57 346
57 346
57 346
57 346
57 346
57 346
57 346
57 346
57 346
57 346
57 346
57 346
57 346
57 346
57 346
57 346
57 346
57 346
57 346
57 346
57 346
57 346
57 346
57 346
57 346
57 346
57 346
57 346
57 346
57 346
57 346
57 346
57 346
57 346
57 346
57 346
57 346
57 346
57 346
34 949
34 949
34 949
34 949
34 949
34 949
34 949
34 949
34 949
34 949
34 949
34 949
34 949
34 949
34 949
34 949
34 949
34 949
34 949
34 949
34 949
34 948
34 948
34 948
34 948
34 948
34 948
34 948
34 948
34 948
34 948
34 949
34 948
34 948
34 948
34 948
34 948
34 948
34 948
34 948
34 948
34 948
34 948
34 948
34 948
34 948
34 948
34 948
34 948
34 948
34 948
34 948
34 948
34 948
34 948
34 948
34 948
34 948
34 948
34 948
34 948
34 948
34 948
34 948
34 948
34 948
34 948
34 948
34 948
34 948
34 948
34 948
34 949
34 949
34 949
34 949
34 949
34 949
34 949
34 949
34 949
34 949
34 949
34 949
34 949
34 949
34 949
34 949
34 949
34 949
34 949
34 949
34 949
34 949
34 949
34 949
34 949
34 949
34 949
34 949
43 113
43 113
43 113
43 113
43 113
43 113
43 113
43 113
43 113
43 113
43 113
43 113
43 113
43 113
43 113
43 113
43 113
43 113
43 113
43 113
43 113
43 113
43 113
43 113
43 113
43 113
43 113
43 113
43 113
43 113
43 113
43 113
43 113
43 113
43 113
43 113
43 113
43 113
43 113
43 113
43 113
43 113
43 113
43 113
43 113
43 113
43 113
43 113
43 113
43 113
43 113
43 113
43 113
43 113
43 113
43 113
43 113
43 113
43 113
43 113
43 113
43 113
43 113
43 113
43 113
43 113
43 113
43 113
43 113
43 113
43 113
43 113
43 113
43 113
43 113
43 113
43 113
43 113
43 113
43 113
43 113
43 113
43 113
43 113
43 113
43 113
43 113
43 113
43 113
43 113
43 113
43 113
43 113
43 113
43 113
43 113
43 113
43 113
43 113
43 113
8 911
8 911
8 911
8 911
8 911
8 911
8 911
8 911
8 911
8 911
8 911
8 911
8 911
8 911
8 911
8 912
8 912
8 912
8 912
8 912
8 912
8 913
8 913
8 913
8 913
8 913
8 914
8 914
8 914
8 914
8 914
8 914
8 914
8 914
8 914
8 914
8 915
8 915
8 915
8 914
8 914
8 914
8 914
8 914
8 914
8 914
8 914
8 914
8 914
8 914
8 914
8 914
8 914
8 913
8 913
8 913
8 913
8 913
8 913
8 913
8 913
8 913
8 913
8 913
8 913
8 913
8 913
8 913
8 913
8 913
8 913
8 913
8 913
8 913
8 913
8 913
8 913
8 913
8 913
8 913
8 913
8 913
8 913
8 913
8 913
8 913
8 913
8 913
8 913
8 913
8 913
8 912
8 912
8 913
8 913
8 913
8 913
8 913
8 913
8 913
74 1002
74 1002
74 1002
74 1002
74 1002
74 1002
74 1002
74 1002
74 1002
74 1002
74 1002
74 1002
74 1002
74 1002
74 1002
74 1002
74 1002
74 1002
74 1002
74 1002
74 1002
74 1002
74 1002
74 1002
74 1002
74 1002
74 1002
74 1002
74 1002
74 1002
74 1002
74 1002
74 1002
74 1002
74 1002
74 1002
74 1002
74 1002
74 1002
74 1002
74 1002
74 1002
74 1002
74 1002
74 1002
74 1002
74 1002
74 1002
74 1002
74 1002
74 1002
74 1002
74 1002
74 1002
74 1002
74 1003
74 1003
74 1003
74 1003
74 1003
74 1003
74 1003
74 1003
74 1003
74 1003
74 1003
74 1003
74 1003
74 1003
74 1003
74 1003
74 1003
74 1003
74 1003
74 1003
74 1003
74 1003
74 1003
74 1003
74 1003
74 1003
74 1003
74 1003
74 1003
74 1003
74 1003
74 1003
74 1003
74 1003
74 1003
74 1003
74 1003
74 1003
74 1003
74 1003
74 1003
74 1003
74 1003
74 1003
74 1003
95 997
95 997
95 997
95 997
95 997
95 997
95 997
95 997
95 997
95 997
95 997
95 997
95 997
95 997
95 997
95 997
95 997
95 997
95 997
95 997
95 997
95 997
95 997
95 997
95 997
95 997
95 997
95 997
95 997
95 997
95 997
95 997
95 997
95 997
95 997
95 997
95 997
95 997
95 997
95 997
95 997
95 997
95 997
95 997
95 997
95 997
95 997
95 997
95 997
95 997
95 997
95 997
95 997
95 996
95 996
95 996
95 996
95 996
95 995
95 995
95 995
95 995
95 995
95 995
95 995
95 995
95 995
95 995
95 995
95 995
95 995
95 995
95 995
95 995
95 995
95 995
95 995
95 995
95 996
95 995
95 995
95 995
95 995
95 995
95 995
95 995
95 995
95 995
95 995
95 995
95 995
95 995
95 995
95 994
95 994
95 994
95 994
95 994
95 994
95 994
0 753
0 753
0 753
0 753
0 753
0 753
0 753
0 753
0 753
0 753
0 753
0 753
0 753
0 753
0 753
0 753
0 753
0 753
0 754
0 754
0 754
0 754
0 754
0 754
0 754
0 754
0 754
0 754
0 754
0 754
0 753
0 753
0 753
0 753
0 753
0 753
0 753
0 753
0 753
0 753
0 753
0 753
0 753
0 753
0 753
0 753
0 753
0 753
0 752
0 752
0 752
0 752
0 752
0 752
0 752
0 752
0 752
0 752
0 752
0 752
0 752
0 752
0 752
0 752
0 752
0 752
0 752
0 752
0 751
0 751
0 751
0 751
0 751
0 751
0 751
0 751
0 751
0 751
0 751
0 751
0 751
0 751
0 751
0 751
0 751
0 751
0 751
0 751
0 751
0 751
0 751
0 751
0 751
0 751
0 751
0 751
0 751
0 751
0 751
0 751
1 749
1 748
1 748
1 748
1 747
1 747
1 747
1 746
1 746
1 746
1 746
1 746
1 746
1 746
1 746
1 746
1 746
1 746
1 746
1 746
1 746
1 746
1 746
1 746
1 746
1 746
1 745
1 745
1 745
1 745
1 745
1 745
1 745
1 745
1 745
1 745
1 745
1 745
1 745
1 745
1 745
1 745
1 745
1 745
1 745
1 745
1 746
1 746
1 746
1 746
1 746
1 746
1 747
1 747
1 747
1 747
1 747
1 747
1 747
1 747
1 747
1 747
1 747
1 747
1 747
1 747
1 747
1 747
1 747
1 747
1 747
1 747
1 747
1 747
1 747
1 747
1 747
1 747
1 747
1 747
1 747
1 747
1 747
1 747
1 747
1 747
1 747
1 747
1 747
1 747
1 747
1 747
1 747
1 747
1 747
1 747
1 747
1 747
1 747
1 747
1 747
1 747
1 747
1 747
1 747
1 747
1 748
1 748
1 748
1 748
1 748
1 748
1 748
1 748
1 748
1 748
1 748
1 748
1 748
1 748
1 748
1 748
1 748
1 748
1 748
1 748
1 749
1 749
1 749
1 749
1 749
1 749
1 749
1 749
1 749
1 749
1 749
1 749
1 749
1 749
1 749
1 749
1 749
1 749
1 749
1 749
1 749
1 749
1 749
1 749
1 749
1 749
1 749
1 749
1 749
1 749
1 749
1 749
1 749
1 749
1 749
1 749
1 749
1 749
1 749
1 749
1 749
1 749
1 749
1 749
1 749
1 748
1 748
1 748
1 748
1 748
1 747
1 747
1 747
1 747
1 747
1 747
1 747
1 747
1 747
1 747
1 747
1 747
1 747
1 747
1 747
1 747
1 747
1 747
1 747
1 746
1 746
1 746
1 746
1 746
68 750
68 750
68 750
68 750
68 750
68 750
68 751
68 751
68 751
68 751
68 751
68 751
68 751
68 751
68 751
68 751
68 751
68 751
68 751
68 751
68 751
68 751
68 751
68 751
68 751
68 751
68 751
68 751
68 751
68 750
68 750
68 750
68 750
68 750
68 750
68 750
68 750
68 750
68 750
68 750
68 750
68 750
68 750
68 750
68 750
68 750
68 750
68 750
68 750
68 750
68 750
68 750
68 750
68 750
68 750
68 750
68 750
68 750
68 750
68 750
68 750
68 750
68 750
68 750
68 750
68 750
68 750
68 750
68 750
68 750
68 750
68 750
68 750
68 750
68 750
68 750
68 750
68 750
68 750
68 750
68 750
68 750
68 750
68 750
68 750
68 750
68 750
68 750
68 750
68 751
68 751
68 751
68 751
68 751
68 751
68 751
68 751
68 751
68 751
68 751
9 796
9 796
9 796
9 796
9 796
9 796
9 796
9 796
9 796
9 796
9 796
9 796
9 796
9 796
9 796
9 796
9 796
9 795
9 795
9 795
9 795
9 795
9 795
9 795
9 795
9 795
9 795
9 795
9 795
9 795
9 795
9 795
9 795
9 795
9 795
9 795
9 795
9 795
9 796
9 796
9 796
9 796
9 796
9 796
9 796
9 796
9 796
9 796
9 796
9 796
9 796
9 796
9 796
9 796
9 796
9 796
9 796
9 796
9 796
9 795
9 795
9 795
9 795
9 795
9 795
9 795
9 795
9 795
9 795
9 795
9 795
9 795
9 795
9 795
9 795
9 795
9 795
9 795
9 795
9 795
9 795
9 795
9 795
9 795
9 795
9 795
9 794
9 794
9 794
9 794
9 794
9 794
9 794
9 794
9 794
9 794
9 794
9 794
9 794
9 794
5 305
5 305
5 305
5 305
5 305
5 305
5 305
5 305
5 305
5 305
5 305
5 305
5 305
5 305
5 305
5 305
5 305
5 305
5 305
5 305
5 305
5 305
5 305
5 306
5 306
5 306
5 306
5 306
5 306
5 306
5 306
5 306
5 306
5 306
5 306
5 306
5 306
5 306
5 306
5 306
5 306
5 306
5 306
5 306
5 306
5 306
5 306
5 306
5 306
5 306
5 305
5 305
5 305
5 305
5 305
5 306
5 306
5 306
5 306
5 307
5 307
5 307
5 307
5 307
5 307
5 307
5 307
5 307
5 307
5 307
5 307
5 307
5 307
5 307
5 307
5 307
5 307
5 307
5 307
5 307
5 307
5 307
5 307
5 307
5 307
5 307
5 307
5 308
5 308
5 308
5 308
5 308
5 308
5 308
5 308
5 308
5 308
5 308
5 308
5 308
28 645
28 645
28 645
28 645
28 645
28 645
28 645
28 645
28 645
28 645
28 645
28 645
28 645
28 645
28 645
28 645
28 645
28 645
28 645
28 645
28 645
28 645
28 645
28 645
28 645
28 645
28 645
28 645
28 645
28 645
28 645
28 645
28 645
28 645
28 646
28 646
28 646
28 646
28 646
28 646
28 646
28 646
28 646
28 646
28 646
28 646
28 645
28 645
28 645
28 645
28 645
28 645
28 645
28 645
28 645
28 645
28 645
28 644
28 644
28 644
28 644
28 644
28 644
28 644
28 644
28 644
28 644
28 644
28 644
28 644
28 644
28 644
28 644
28 644
28 644
28 644
28 644
28 644
28 644
28 644
28 644
28 644
28 644
28 644
28 644
28 644
28 644
28 644
28 643
28 643
28 643
28 643
28 643
28 643
28 643
28 643
28 643
28 643
28 644
28 644
24 163
24 163
24 163
24 163
24 163
24 163
24 163
24 163
24 163
24 163
24 163
24 163
24 163
24 163
24 163
24 163
24 163
24 163
24 163
24 164
24 164
24 164
24 164
24 163
24 163
24 163
24 163
24 163
24 163
24 163
24 163
24 163
24 163
24 163
24 163
24 163
24 163
24 163
24 163
24 164
24 164
24 164
24 164
24 164
24 164
24 164
24 164
24 164
24 164
24 164
24 164
24 163
24 163
24 163
24 163
24 163
24 163
24 163
24 163
24 163
24 163
24 163
24 163
24 163
24 163
24 163
24 163
24 163
24 163
24 163
24 163
24 163
24 163
24 163
24 163
24 163
24 163
24 163
24 163
24 163
24 164
24 164
24 164
24 164
24 164
24 164
24 164
24 164
24 164
24 164
24 165
24 165
24 165
24 165
24 165
24 165
24 165
24 165
24 165
24 165
2 451
2 451
2 451
2 451
2 451
2 451
2 451
2 451
2 451
2 451
2 451
2 451
2 451
2 450
2 450
2 450
2 450
2 450
2 450
2 450
2 450
2 450
2 450
2 450
2 450
2 450
2 451
2 451
2 451
2 451
2 451
2 451
2 451
2 451
2 451
2 451
2 450
2 450
2 450
2 450
2 450
2 450
2 450
2 450
2 450
2 450
2 450
2 450
2 450
2 450
2 450
2 450
2 450
2 450
2 450
2 450
2 450
2 450
2 450
2 450
2 450
2 450
2 450
2 451
2 451
2 451
2 451
2 451
2 451
2 450
2 450
2 450
2 450
2 450
2 450
2 450
2 450
2 450
2 450
2 450
2 450
2 450
2 450
2 450
2 450
2 450
2 450
2 450
2 450
2 450
2 450
2 450
2 450
2 450
2 450
2 450
2 450
2 450
2 450
2 450
5 308
5 308
5 308
5 308
5 308
5 308
5 308
5 308
5 308
5 308
5 308
5 308
5 308
5 308
5 308
5 308
5 308
5 308
5 308
5 308
5 308
5 308
5 308
5 308
5 308
5 308
5 308
5 308
5 308
5 308
5 308
5 308
5 308
5 308
5 308
5 308
5 308
5 308
5 308
5 308
5 308
5 308
5 308
5 308
5 308
5 308
5 308
5 308
5 308
5 308
5 308
5 307
5 307
5 307
5 307
5 307
5 307
5 307
5 307
5 307
5 307
5 307
5 307
5 307
5 307
5 307
5 307
5 308
5 308
5 308
5 307
5 306
5 307
5 307
5 307
5 307
5 307
5 307
5 306
5 306
5 306
5 306
5 306
5 306
5 307
5 307
5 307
5 307
5 307
5 307
5 307
5 307
5 307
5 306
5 306
5 306
5 306
5 306
5 306
5 306
2 450
2 450
2 450
2 450
2 451
2 451
2 451
2 451
2 451
2 451
2 451
2 451
2 451
2 451
2 451
2 451
2 451
2 451
2 451
2 452
2 452
2 452
2 452
2 452
2 452
2 452
2 452
2 452
2 452
2 452
2 452
2 452
2 452
2 452
2 452
2 452
2 452
2 452
2 452
2 452
2 452
2 452
2 452
2 452
2 452
2 452
2 452
2 452
2 452
2 452
2 452
2 452
2 452
2 452
2 452
2 452
2 452
2 452
2 452
2 452
2 452
2 452
2 452
2 452
2 452
2 452
2 452
2 452
2 452
2 451
2 451
2 451
2 451
2 451
2 451
2 451
2 451
2 451
2 451
2 451
2 451
2 451
2 451
2 451
2 451
2 451
2 451
2 450
2 450
2 450
2 450
2 450
2 450
2 450
2 450
2 450
2 450
2 450
2 450
2 450
52 515
52 515
52 515
52 515
52 515
52 515
52 515
52 515
52 515
52 515
52 515
52 515
52 515
52 515
52 514
52 515
52 515
52 515
52 515
52 514
52 514
52 514
52 514
52 514
52 514
52 514
52 514
52 514
52 514
52 515
52 515
52 515
52 515
52 515
52 515
52 515
52 515
52 515
52 515
52 515
52 515
52 515
52 515
52 515
52 515
52 515
52 515
52 514
52 514
52 514
52 514
52 514
52 515
52 515
52 515
52 515
52 515
52 516
52 516
52 516
52 516
52 516
52 516
52 516
52 517
52 517
52 517
52 517
52 517
52 517
52 517
52 517
52 517
52 517
52 517
52 517
52 517
52 517
52 517
52 517
52 517
52 517
52 517
52 517
52 517
52 517
52 517
52 517
52 517
52 517
52 517
52 517
52 517
52 517
52 517
52 517
52 517
52 517
52 517
52 517
90 303
90 303
90 303
90 303
90 303
90 303
90 303
90 303
90 303
90 303
90 303
90 303
90 303
90 303
90 303
90 303
90 303
90 303
90 303
90 303
90 303
90 303
90 303
90 303
90 303
90 303
90 303
90 303
90 303
90 303
90 303
90 303
90 303
90 303
90 303
90 303
90 303
90 303
90 303
90 303
90 303
90 303
90 303
90 303
90 303
90 303
90 303
90 303
90 303
90 303
90 303
90 303
90 303
90 303
90 303
90 303
90 303
90 303
90 303
90 303
90 303
90 303
90 303
90 303
90 303
90 303
90 303
90 303
90 303
90 303
90 303
90 303
90 303
90 303
90 302
90 302
90 302
90 301
90 301
90 301
90 301
90 301
90 301
90 301
90 301
90 301
90 301
90 301
90 301
90 301
90 301
90 301
90 301
90 301
90 301
90 301
90 301
90 301
90 301
90 301
46 964
46 963
46 963
46 963
46 963
46 962
46 962
46 962
46 962
46 962
46 962
46 962
46 962
46 962
46 962
46 962
46 962
46 962
46 962
46 962
46 962
46 962
46 962
46 962
46 962
46 962
46 962
46 962
46 962
46 962
46 962
46 962
46 962
46 962
46 962
46 962
46 962
46 962
46 962
46 962
46 962
46 962
46 962
46 962
46 962
46 962
46 962
46 962
46 962
46 962
46 962
46 962
46 962
46 962
46 962
46 962
46 962
46 962
46 962
46 962
46 962
46 962
46 962
46 962
46 962
46 962
46 962
46 962
46 962
46 962
46 962
46 962
46 962
46 962
46 962
46 962
46 962
46 962
46 962
46 962
46 962
46 962
46 962
46 962
46 962
46 962
46 962
46 962
46 962
46 962
46 962
46 962
46 962
46 962
46 962
46 962
46 962
46 962
46 962
46 962
33 447
33 447
33 447
33 446
33 446
33 446
33 446
33 446
33 446
33 446
33 446
33 446
33 446
33 446
33 446
33 446
33 446
33 446
33 446
33 446
33 446
33 446
33 446
33 446
33 446
33 446
33 446
33 446
33 446
33 446
33 446
33 446
33 446
33 446
33 446
33 446
33 446
33 446
33 446
33 446
33 446
33 446
33 446
33 446
33 446
33 446
33 446
33 446
33 446
33 446
33 446
33 446
33 446
33 446
33 446
33 446
33 446
33 446
33 446
33 446
33 446
33 446
33 446
33 446
33 446
33 446
33 446
33 446
33 446
33 446
33 446
33 446
33 446
33 446
33 446
33 446
33 446
33 446
33 446
33 446
33 446
33 446
33 446
33 446
33 446
33 446
33 446
33 446
33 446
33 446
33 447
33 447
33 448
33 448
33 448
33 448
33 448
33 448
33 447
33 447
80 750
80 750
80 750
80 750
80 750
80 751
80 751
80 751
80 751
80 751
80 751
80 751
80 751
80 751
80 751
80 751
80 751
80 751
80 751
80 751
80 751
80 751
80 751
80 751
80 751
80 751
80 751
80 751
80 751
80 751
80 751
80 751
80 751
80 752
80 752
80 752
80 752
80 752
80 752
80 752
80 752
80 752
80 753
80 753
80 754
80 754
80 754
80 754
80 754
80 755
80 755
80 754
80 754
80 754
80 754
80 754
80 754
80 754
80 754
80 754
80 754
80 754
80 754
80 754
80 754
80 754
80 754
80 754
80 754
80 754
80 754
80 754
80 754
80 753
80 753
80 753
80 753
80 753
80 753
80 753
80 753
80 753
80 753
80 753
80 753
80 753
80 753
80 753
80 753
80 753
80 752
80 752
80 752
80 752
80 752
80 752
80 752
80 752
80 752
80 752
29 157
29 157
29 157
29 157
29 157
29 157
29 157
29 157
29 157
29 157
29 157
29 157
29 157
29 157
29 157
29 157
29 157
29 157
29 157
29 157
29 157
29 157
29 157
29 157
29 157
29 157
29 157
29 157
29 157
29 158
29 158
29 158
29 158
29 158
29 158
29 158
29 158
29 158
29 158
29 158
29 158
29 158
29 158
29 158
29 158
29 158
29 158
29 158
29 158
29 158
29 158
29 158
29 158
29 158
29 158
29 158
29 158
29 158
29 158
29 158
29 158
29 158
29 158
29 158
29 158
29 158
29 158
29 158
29 158
29 158
29 158
29 158
29 158
29 157
29 157
29 157
29 157
29 157
29 157
29 157
29 157
29 157
29 157
29 157
29 157
29 157
29 157
29 157
29 157
29 157
29 157
29 157
29 157
29 157
29 157
29 157
29 157
29 157
29 157
29 157
6 548
6 548
6 548
6 548
6 548
6 548
6 548
6 548
6 548
6 548
6 548
6 548
6 548
6 548
6 548
6 548
6 548
6 548
6 548
6 548
6 549
6 549
6 549
6 549
6 549
6 549
6 549
6 549
6 549
6 548
6 548
6 548
6 548
6 548
6 548
6 548
6 548
6 548
6 548
6 548
6 548
6 548
6 548
6 548
6 548
6 548
6 548
6 548
6 548
6 548
6 548
6 548
6 548
6 548
6 548
6 548
6 548
6 548
6 548
6 548
6 548
6 548
6 548
6 548
6 548
6 548
6 548
6 548
6 548
6 548
6 548
6 548
6 548
6 548
6 548
6 548
6 548
6 548
6 548
6 548
6 548
6 548
6 548
6 548
6 548
6 548
6 548
6 548
6 548
6 548
6 548
6 548
6 548
6 548
6 548
6 548
6 548
6 548
6 548
6 548
72 111
72 111
72 111
72 111
72 111
72 111
72 111
72 111
72 111
72 111
72 111
72 111
72 111
72 111
72 111
72 111
72 111
72 111
72 111
72 111
72 111
72 111
72 111
72 111
72 111
72 111
72 110
72 110
72 110
72 110
72 110
72 110
72 110
72 110
72 110
72 110
72 110
72 110
72 110
72 110
72 110
72 110
72 110
72 110
72 110
72 110
72 110
72 110
72 110
72 110
72 110
72 110
72 109
72 110
72 110
72 110
72 110
72 110
72 110
72 110
72 110
72 110
72 110
72 110
72 110
72 110
72 110
72 110
72 110
72 110
72 110
72 110
72 110
72 110
72 110
72 110
72 110
72 111
72 111
72 111
72 111
72 111
72 111
72 110
72 110
72 110
72 110
72 110
72 109
72 109
72 109
72 109
72 109
72 109
72 109
72 109
72 109
72 109
72 109
72 109
79 431
79 431
79 432
79 432
79 432
79 432
79 432
79 432
79 432
79 432
79 432
79 432
79 432
79 432
79 432
79 432
79 432
79 432
79 432
79 432
79 432
79 432
79 432
79 432
79 432
79 433
79 433
79 433
79 433
79 433
79 434
79 434
79 434
79 434
79 434
79 434
79 434
79 434
79 434
79 434
79 434
79 434
79 434
79 434
79 434
79 434
79 433
79 432
79 431
79 431
79 431
79 431
79 431
79 431
79 431
79 431
79 431
79 431
79 431
79 431
79 431
79 431
79 431
79 431
79 431
79 431
79 431
79 431
79 431
79 431
79 431
79 431
79 431
79 432
79 432
79 432
79 432
79 432
79 432
79 432
79 432
79 432
79 432
79 432
79 432
79 431
79 431
79 431
79 431
79 431
79 431
79 431
79 431
79 431
79 431
79 431
79 431
79 431
79 431
79 431
20 164
20 164
20 164
20 164
20 165
20 165
20 165
20 165
20 165
20 165
20 165
20 165
20 165
20 166
20 166
20 166
20 166
20 166
20 166
20 166
20 166
20 166
20 166
20 166
20 166
20 166
20 166
20 166
20 166
20 166
20 166
20 166
20 166
20 166
20 166
20 166
20 166
20 167
20 167
20 167
20 167
20 167
20 167
20 167
20 167
20 164
20 164
20 164
20 164
20 164
20 164
20 164
20 164
20 164
20 164
20 164
20 164
20 164
20 164
20 164
20 164
20 164
20 164
20 164
20 165
20 165
20 165
20 165
20 165
20 165
20 165
20 165
20 165
20 165
20 165
20 165
20 165
20 165
20 165
20 164
20 164
20 164
20 164
20 164
20 164
20 164
20 164
20 164
20 164
20 164
20 164
20 164
20 164
20 164
20 164
20 164
20 164
20 164
20 164
20 164
90 301
90 301
90 301
90 301
90 301
90 301
90 301
90 301
90 301
90 302
90 302
90 302
90 302
90 302
90 302
90 302
90 302
90 302
90 302
90 302
90 302
90 302
90 302
90 301
90 301
90 301
90 301
90 301
90 301
90 301
90 301
90 301
90 301
90 301
90 301
90 301
90 301
90 301
90 301
90 301
90 301
90 301
90 301
90 301
90 301
90 301
90 301
90 301
90 301
90 301
90 301
90 301
90 301
90 301
90 301
90 301
90 301
90 301
90 301
90 301
90 301
90 301
90 301
90 301
90 301
90 301
90 301
90 301
90 301
90 301
90 301
90 301
90 301
90 301
90 301
90 301
90 301
90 301
90 301
90 301
90 301
90 301
90 301
90 301
90 301
90 301
90 301
90 301
90 301
90 301
90 301
90 302
90 302
90 302
90 302
90 302
90 302
90 302
90 302
90 302
98 846
98 846
98 846
98 846
98 846
98 846
98 846
98 846
98 846
98 846
98 846
98 846
98 846
98 846
98 846
98 846
98 846
98 846
98 846
98 847
98 847
98 847
98 847
98 847
98 847
98 847
98 847
98 847
98 847
98 848
98 848
98 848
98 848
98 848
98 848
98 847
98 847
98 847
98 847
98 847
98 847
98 847
98 847
98 847
98 847
98 846
98 846
98 846
98 846
98 846
98 846
98 846
98 846
98 846
98 846
98 846
98 846
98 846
98 846
98 846
98 846
98 846
98 846
98 846
98 846
98 846
98 846
98 846
98 846
98 845
98 845
98 845
98 844
98 844
98 844
98 844
98 844
98 844
98 844
98 844
98 844
98 844
98 844
98 844
98 844
98 844
98 844
98 844
98 844
98 844
98 844
98 844
98 844
98 844
98 844
98 844
98 844
98 844
98 844
98 844
2 451
2 451
2 451
2 451
2 451
2 451
2 451
2 451
2 451
2 451
2 451
2 451
2 451
2 451
2 451
2 451
2 451
2 451
2 451
2 451
2 451
2 451
2 452
2 452
2 452
2 452
2 452
2 452
2 452
2 452
2 453
2 453
2 453
2 453
2 453
2 453
2 453
2 453
2 453
2 453
2 453
2 453
2 453
2 453
2 453
2 453
2 453
2 453
2 453
2 453
2 453
2 453
2 452
2 452
2 452
2 452
2 452
2 452
2 452
2 452
2 452
2 453
2 453
2 453
2 453
2 453
2 453
2 453
2 453
2 453
2 453
2 453
2 453
2 453
2 453
2 453
2 453
2 453
2 453
2 453
2 453
2 453
2 453
2 453
2 453
2 453
2 453
2 453
2 453
2 453
2 453
2 453
2 453
2 453
2 453
2 453
2 453
2 453
2 453
2 453
67 432
67 433
67 433
67 434
67 434
67 434
67 434
67 434
67 434
67 435
67 435
67 435
67 435
67 436
67 436
67 436
67 436
67 436
67 436
67 436
67 436
67 436
67 436
67 436
67 436
67 436
67 436
67 436
67 436
67 436
67 436
67 436
67 436
67 436
67 436
67 436
67 436
67 436
67 436
67 436
67 436
67 436
67 436
67 436
67 436
67 436
67 436
67 436
67 436
67 436
67 436
67 436
67 436
67 436
67 436
67 436
67 436
67 436
67 436
67 436
67 436
67 436
67 436
67 436
67 436
67 436
67 436
67 436
67 436
67 436
67 436
67 436
67 436
67 436
67 436
67 436
67 436
67 436
67 436
67 436
67 436
67 436
67 436
67 436
67 436
67 436
67 436
67 437
67 437
67 437
67 437
67 437
67 437
67 437
67 437
67 437
67 437
67 437
67 437
67 437
55 150
55 150
55 150
55 150
55 150
55 150
55 150
55 150
55 150
55 150
55 150
55 150
55 150
55 150
55 150
55 150
55 150
55 150
55 150
55 150
55 150
55 150
55 150
55 150
55 150
55 150
55 150
55 150
55 151
55 151
55 151
55 151
55 151
55 151
55 151
55 151
55 151
55 151
55 151
55 151
55 151
55 151
55 151
55 150
55 150
55 150
55 150
55 150
55 150
55 150
55 150
55 150
55 149
55 149
55 150
55 150
55 150
55 150
55 150
55 150
55 150
55 150
55 150
55 150
55 150
55 150
55 150
55 150
55 150
55 150
55 150
55 150
55 150
55 150
55 150
55 150
55 150
55 150
55 150
55 150
55 150
55 150
55 150
55 150
55 150
55 150
55 150
55 150
55 150
55 150
55 150
55 150
55 150
55 149
55 149
55 149
55 149
55 149
55 149
55 149
36 6
36 6
36 6
36 6
36 6
36 6
36 6
36 6
36 6
36 6
36 6
36 6
36 5
36 5
36 5
36 6
36 6
36 6
36 6
36 6
36 6
36 6
36 6
36 6
36 6
36 6
36 6
36 6
36 6
36 6
36 6
36 6
36 6
36 6
36 6
36 6
36 6
36 6
36 6
36 7
36 7
36 7
36 7
36 7
36 7
36 7
36 7
36 7
36 7
36 7
36 7
36 7
36 7
36 7
36 7
36 6
36 6
36 6
36 6
36 6
36 6
36 6
36 6
36 6
36 6
36 6
36 6
36 6
36 6
36 6
36 6
36 6
36 6
36 6
36 6
36 6
36 6
36 6
36 6
36 6
36 6
36 6
36 6
36 6
36 7
36 7
36 7
36 7
36 7
36 7
36 7
36 7
36 7
36 7
36 7
36 7
36 7
36 7
36 7
36 7
11 485
11 485
11 485
11 486
11 486
11 486
11 486
11 486
11 486
11 486
11 486
11 486
11 486
11 486
11 486
11 486
11 486
11 486
11 485
11 485
11 485
11 486
11 486
11 486
11 486
11 486
11 486
11 486
11 486
11 486
11 486
11 486
11 486
11 487
11 487
11 487
11 487
11 487
11 487
11 487
11 487
11 487
11 487
11 487
11 487
11 487
11 487
11 487
11 487
11 487
11 487
11 487
11 487
11 487
11 487
11 487
11 487
11 487
11 487
11 487
11 487
11 487
11 487
11 487
11 487
11 487
11 487
11 486
11 486
11 486
11 486
11 485
11 485
11 485
11 485
11 485
11 485
11 485
11 485
11 485
11 485
11 485
11 485
11 485
11 485
11 485
11 485
11 485
11 484
11 484
11 484
11 484
11 484
11 484
11 484
11 484
11 484
11 484
11 484
11 484
15 388
15 389
15 389
15 389
15 389
15 389
15 389
15 389
15 389
15 389
15 389
15 389
15 389
15 389
15 389
15 389
15 389
15 389
15 389
15 389
15 389
15 389
15 389
15 389
15 389
15 389
15 389
15 389
15 389
15 389
15 389
15 389
15 389
15 389
15 389
15 389
15 389
15 389
15 390
15 390
15 390
15 390
15 390
15 390
15 390
15 389
15 389
15 389
15 388
15 388
15 388
15 388
15 388
15 388
15 388
15 388
15 388
15 388
15 388
15 388
15 388
15 388
15 388
15 388
15 388
15 388
15 388
15 388
15 388
15 388
15 388
15 388
15 388
15 388
15 388
15 388
15 388
15 388
15 388
15 388
15 388
15 388
15 388
15 388
15 388
15 389
15 389
15 389
15 389
15 389
15 389
15 389
15 389
15 389
15 389
15 389
15 389
15 389
15 389
15 389
62 911
62 911
62 911
62 911
62 911
62 911
62 911
62 911
62 911
62 912
62 912
62 912
62 912
62 912
62 911
62 911
62 911
62 911
62 911
62 911
62 911
62 911
62 911
62 911
62 911
62 911
62 911
62 911
62 911
62 912
62 912
62 912
62 912
62 912
62 912
62 911
62 911
62 911
62 911
62 911
62 911
62 911
62 911
62 911
62 911
62 911
62 911
62 910
62 910
62 910
62 910
62 910
62 910
62 910
62 910
62 910
62 910
62 910
62 910
62 910
62 910
62 910
62 910
62 910
62 910
62 910
62 910
62 910
62 910
62 910
62 910
62 910
62 910
62 910
62 910
62 910
62 910
62 910
62 910
62 910
62 910
62 910
62 910
62 910
62 910
62 910
62 910
62 910
62 910
62 910
62 909
62 909
62 909
62 909
62 909
62 909
62 909
62 909
62 909
62 909