8 386
8 386
8 386
8 386
8 386
8 386
8 386
8 386
8 386
8 386
8 386
8 386
8 386
8 386
8 386
8 386
8 386
8 386
8 386
8 386
8 386
8 386
8 386
8 386
8 386
8 386
8 386
8 386
8 386
8 386
8 386
8 386
8 386
8 386
8 386
8 386
8 386
8 386
8 386
8 386
8 386
8 386
8 386
8 386
8 386
8 386
8 386
8 386
8 386
8 386
8 386
8 386
8 386
8 386
8 386
8 386
8 386
8 386
8 386
8 386
8 386
8 386
8 386
8 386
8 386
8 386
8 432
8 432
8 432
8 432
8 432
8 432
8 432
8 432
8 432
8 432
8 432
8 432
8 432
8 432
8 432
8 432
8 432
8 432
8 432
8 432
8 432
8 432
8 432
8 432
8 432
8 432
8 432
8 432
8 432
8 432
8 432
8 432
8 432
8 432
23 82
23 82
23 82
23 82
23 82
23 82
23 82
23 82
23 82
23 82
23 82
23 82
23 82
23 82
23 82
23 82
23 82
23 82
23 82
23 82
23 82
23 82
23 82
23 82
23 82
23 82
23 82
23 82
23 82
23 82
23 82
23 82
23 82
23 82
23 82
23 82
23 81
23 82
23 82
23 82
23 82
23 82
23 82
23 83
23 83
23 83
23 83
23 83
23 83
23 83
23 83
23 83
23 83
23 83
23 83
23 83
23 83
23 83
23 83
23 83
23 83
23 83
23 83
23 84
23 84
23 84
23 84
23 84
23 84
23 84
23 84
23 84
23 84
23 84
23 84
23 84
23 84
23 84
23 84
23 84
23 84
23 85
23 85
23 85
23 85
23 85
23 85
23 85
23 85
23 86
23 86
23 86
23 86
23 86
23 86
23 86
23 86
23 86
23 86
23 86
16 355
16 355
16 356
16 356
16 356
16 356
16 355
16 355
16 355
16 354
16 354
16 354
16 354
16 354
16 354
16 354
16 354
16 354
16 354
16 354
16 353
16 353
16 353
16 353
16 353
16 353
16 353
16 353
16 353
16 353
16 353
16 353
16 353
16 353
16 353
16 353
16 353
16 353
16 353
16 353
16 353
16 354
16 354
16 354
16 354
16 354
16 354
16 354
16 354
16 354
16 354
16 354
16 354
16 354
16 354
16 355
16 355
16 355
16 355
16 355
16 355
16 355
16 355
16 355
16 355
16 355
16 355
16 355
16 355
16 355
16 355
16 355
16 355
16 355
16 355
16 355
16 355
16 354
16 354
16 354
16 354
16 354
16 354
16 354
16 354
16 354
16 354
16 354
16 354
16 354
16 354
16 354
16 354
16 354
16 354
16 354
16 354
16 354
16 354
16 354
89 682
89 682
89 682
89 682
89 682
89 682
89 682
89 682
89 682
89 682
89 682
89 682
89 682
89 682
89 682
89 682
89 682
89 682
89 682
89 683
89 683
89 682
89 682
89 682
89 682
89 682
89 682
89 682
89 682
89 682
89 682
89 682
89 682
89 682
89 682
89 682
89 682
89 682
89 682
89 682
89 682
89 682
89 682
89 682
89 682
89 682
89 682
89 682
89 682
89 682
89 682
89 682
89 682
89 682
89 682
89 682
89 682
89 682
89 682
89 682
89 682
89 682
89 682
89 682
89 682
89 682
89 682
89 682
89 682
89 681
89 681
89 681
89 681
89 681
89 681
89 681
89 681
89 681
89 681
89 681
89 681
89 681
89 681
89 681
89 681
89 681
89 681
89 681
89 681
89 681
89 681
89 681
89 681
89 681
89 681
89 681
89 681
89 681
89 681
89 681
1 835
1 835
1 835
1 835
1 835
1 835
1 835
1 835
1 835
1 836
1 836
1 836
1 836
1 836
1 836
1 836
1 836
1 836
1 836
1 836
1 836
1 835
1 834
1 834
1 834
1 834
1 834
1 834
1 834
1 834
1 835
1 835
1 835
1 835
1 835
1 835
1 835
1 835
1 835
1 835
1 835
1 836
1 836
1 836
1 836
1 836
1 836
1 836
1 836
1 835
1 835
1 834
1 834
1 834
1 834
1 834
1 834
1 834
1 834
1 834
1 834
1 834
1 834
1 834
1 834
1 834
1 834
1 834
1 834
1 834
1 834
1 834
1 834
1 834
1 834
1 834
1 834
1 834
1 834
1 834
1 834
1 834
1 834
1 834
1 834
1 834
1 834
1 834
1 834
1 834
1 834
1 835
1 835
1 835
1 835
1 835
1 835
1 835
1 835
1 835
94 853
94 853
94 853
94 853
94 853
94 853
94 852
94 852
94 852
94 852
94 852
94 852
94 852
94 852
94 852
94 852
94 852
94 852
94 852
94 852
94 852
94 852
94 852
94 852
94 852
94 852
94 852
94 852
94 852
94 852
94 852
94 852
94 852
94 852
94 852
94 852
94 852
94 852
94 852
94 852
94 852
94 852
94 852
94 852
94 852
94 852
94 852
94 852
94 852
94 852
94 852
94 852
94 852
94 852
94 852
94 852
94 852
94 852
94 852
94 852
94 852
94 852
94 852
94 852
94 852
94 852
94 852
94 852
94 852
94 852
94 852
94 852
94 852
94 852
94 852
94 852
94 851
94 851
94 851
94 851
94 851
94 851
94 851
94 851
94 851
94 851
94 851
94 851
94 851
94 851
94 851
94 851
94 851
94 851
94 851
94 851
94 851
94 851
94 851
94 851
58 391
58 391
58 391
58 391
58 391
58 390
58 390
58 390
58 390
58 390
58 391
58 391
58 391
58 391
58 391
58 391
58 391
58 391
58 391
58 391
58 391
58 391
58 391
58 391
58 391
58 391
58 391
58 391
58 391
58 391
58 391
58 391
58 390
58 390
58 390
58 390
58 390
58 390
58 390
58 390
58 390
58 390
58 390
58 390
58 390
58 390
58 390
58 390
58 390
58 390
58 390
58 390
58 390
58 390
58 390
58 390
58 391
58 391
58 391
58 391
58 391
58 391
58 391
58 392
58 392
58 392
58 392
58 392
58 392
58 392
58 392
58 392
58 392
58 393
58 393
58 393
58 393
58 393
58 393
58 393
58 393
58 393
58 393
58 393
58 393
58 393
58 393
58 393
58 393
58 393
58 393
58 393
58 393
58 392
58 392
58 392
58 392
58 392
58 393
58 393
27 66
27 66
27 66
27 66
27 66
27 66
27 66
27 66
27 66
27 66
27 66
27 66
27 66
27 66
27 66
27 66
27 66
27 66
27 66
27 66
27 66
27 66
27 66
27 66
27 66
27 66
27 66
27 66
27 66
27 66
27 66
27 66
27 66
27 66
27 66
27 66
27 66
27 66
27 66
27 66
27 66
27 67
27 67
27 67
27 67
27 67
27 67
27 67
27 67
27 67
27 67
27 67
27 67
27 67
27 67
27 67
27 67
27 67
27 67
27 67
27 67
27 67
27 67
27 67
27 67
27 67
27 67
27 67
27 67
27 67
27 67
27 67
27 67
27 67
27 67
27 67
27 67
27 67
27 67
27 67
27 67
27 67
27 67
27 67
27 67
27 67
27 67
27 67
27 67
27 67
27 67
27 67
27 67
27 67
27 67
27 67
27 67
27 67
27 67
27 67
34 240
34 240
34 240
34 240
34 240
34 240
34 240
34 240
34 241
34 241
34 241
34 241
34 241
34 241
34 241
34 242
34 242
34 242
34 242
34 242
34 242
34 242
34 242
34 240
34 240
34 240
34 240
34 240
34 240
34 240
34 240
34 240
34 240
34 240
34 240
34 240
34 240
34 240
34 240
34 240
34 240
34 240
34 240
34 240
34 240
34 240
34 240
34 240
34 240
34 240
34 240
34 240
34 240
34 240
34 240
34 240
34 240
34 240
34 240
34 240
34 240
34 240
34 240
34 240
34 240
34 240
34 241
34 241
34 241
34 241
34 241
34 241
34 241
34 241
34 241
34 241
34 241
34 241
34 241
34 241
34 241
34 241
34 241
34 242
34 242
34 242
34 242
34 242
34 241
34 241
34 241
34 241
34 241
34 241
34 241
34 241
34 241
34 241
34 241
34 241
15 348
15 348
15 348
15 348
15 348
15 348
15 348
15 348
15 348
15 348
15 348
15 348
15 348
15 348
15 348
15 348
15 348
15 348
15 348
15 349
15 349
15 349
15 349
15 349
15 349
15 349
15 349
15 349
15 349
15 349
15 349
15 349
15 349
15 349
15 349
15 349
15 349
15 349
15 349
15 349
15 349
15 349
15 349
15 349
15 349
15 349
15 349
15 349
15 349
15 349
15 349
15 349
15 349
15 349
15 349
15 349
15 349
15 349
15 349
15 349
15 349
15 349
15 349
15 349
15 349
15 349
15 348
15 348
15 348
15 348
15 348
15 349
15 349
15 349
15 349
15 349
15 349
15 348
15 348
15 348
15 348
15 348
15 348
15 348
15 348
15 348
15 348
15 348
15 348
15 348
15 348
15 348
15 348
15 349
15 350
15 350
15 350
15 350
15 350
15 350
12 33
12 33
12 33
12 33
12 33
12 33
12 33
12 33
12 33
12 33
12 33
12 33
12 33
12 33
12 33
12 33
12 33
12 33
12 33
12 33
12 33
12 33
12 33
12 33
12 33
12 33
12 33
12 33
12 33
12 33
12 33
12 33
12 33
12 33
12 33
12 33
12 33
12 32
12 32
12 32
12 32
12 32
12 32
12 32
12 32
12 32
12 32
12 32
12 32
12 32
12 32
12 32
12 32
12 32
12 32
12 32
12 32
12 32
12 32
12 32
12 32
12 32
12 32
12 32
12 32
12 32
12 32
12 32
12 32
12 32
12 32
12 32
12 32
12 32
12 32
12 32
12 32
12 32
12 32
12 32
12 32
12 32
12 32
12 32
12 32
12 31
12 31
12 31
12 31
12 31
12 31
12 33
12 34
12 34
12 34
12 34
12 34
12 34
12 34
12 34
23 86
23 86
23 86
23 86
23 86
23 86
23 86
23 86
23 85
23 85
23 85
23 85
23 85
23 85
23 85
23 85
23 85
23 85
23 85
23 85
23 85
23 85
23 85
23 85
23 85
23 85
23 85
23 85
23 85
23 85
23 85
23 85
23 85
23 85
23 85
23 85
23 85
23 85
23 85
23 85
23 85
23 85
23 85
23 85
23 85
23 85
23 85
23 85
23 85
23 85
23 85
23 85
23 85
23 86
23 86
23 86
23 86
23 85
23 85
23 85
23 85
23 85
23 85
23 85
23 85
23 85
23 85
23 85
23 85
23 85
23 85
23 85
23 85
23 85
23 85
23 85
23 86
23 86
23 86
23 86
23 86
23 86
23 86
23 86
23 86
23 86
23 86
23 86
23 85
23 85
23 85
23 85
23 85
23 84
23 84
23 84
23 84
23 84
23 84
23 84
91 614
91 614
91 614
91 614
91 614
91 614
91 614
91 614
91 614
91 614
91 614
91 614
91 614
91 614
91 614
91 614
91 614
91 614
91 614
91 614
91 614
91 614
91 614
91 614
91 614
91 614
91 614
91 614
91 614
91 614
91 614
91 614
91 614
91 614
91 614
91 614
91 614
91 614
91 614
91 614
91 614
91 614
91 614
91 614
91 614
91 614
91 614
91 614
91 614
91 614
91 614
91 614
91 614
91 614
91 614
91 614
91 614
91 615
91 615
91 615
91 615
91 614
91 614
91 614
91 614
91 614
91 614
91 615
91 615
91 615
91 615
91 615
91 615
91 615
91 615
91 615
91 615
91 615
91 615
91 615
91 615
91 615
91 615
91 615
91 615
91 615
91 615
91 615
91 615
91 615
91 615
91 615
91 615
91 615
91 615
91 615
91 615
91 615
91 615
91 615
53 716
53 716
53 716
53 716
53 716
53 716
53 716
53 716
53 716
53 716
53 716
53 716
53 716
53 716
53 716
53 716
53 715
53 715
53 715
53 715
53 715
53 714
53 714
53 714
53 714
53 713
53 713
53 714
53 714
53 714
53 714
53 714
53 714
53 714
53 714
53 714
53 714
53 714
53 714
53 714
53 714
53 714
53 714
53 714
53 714
53 714
53 714
53 714
53 714
53 714
53 714
53 714
53 714
53 714
53 714
53 714
53 714
53 714
53 714
53 714
53 714
53 714
53 714
53 714
53 714
53 714
53 714
53 714
53 714
53 714
53 714
53 714
53 714
53 714
53 714
53 714
53 714
53 713
53 713
53 713
53 713
53 713
53 714
53 714
53 714
53 713
53 713
53 713
53 713
53 713
53 713
53 713
53 713
53 713
53 713
53 713
53 713
53 713
53 713
53 713
78 234
78 234
78 234
78 234
78 234
78 234
78 234
78 234
78 234
78 234
78 234
78 234
78 234
78 234
78 234
78 234
78 234
78 234
78 234
78 234
78 235
78 235
78 235
78 235
78 235
78 235
78 235
78 235
78 235
78 235
78 235
78 235
78 235
78 235
78 235
78 235
78 235
78 235
78 235
78 235
78 235
78 235
78 235
78 235
78 235
78 235
78 235
78 234
78 234
78 234
78 234
78 234
78 234
78 234
78 234
78 234
78 234
78 234
78 234
78 234
78 234
78 234
78 234
78 234
78 234
78 234
78 234
78 234
78 234
78 234
78 234
78 234
78 234
78 234
78 234
78 234
78 234
78 234
78 234
78 234
78 234
78 234
78 234
78 234
78 234
78 235
78 235
78 235
78 235
78 235
78 235
78 235
78 235
78 235
78 235
78 235
78 235
78 235
78 235
78 235
57 1008
57 1008
57 1008
57 1008
57 1008
57 1008
57 1008
57 1008
57 1008
57 1008
57 1008
57 1008
57 1008
57 1008
57 1008
57 1008
57 1009
57 1009
57 1009
57 1009
57 1009
57 1009
57 1009
57 1009
57 1009
57 1009
57 1009
57 1009
57 1009
57 1009
57 1009
57 1009
57 1009
57 1009
57 1009
57 1009
57 1009
57 1009
57 1009
57 1009
57 1009
57 1009
57 1009
57 1009
57 1009
57 1009
57 1009
57 1009
57 1009
57 1009
57 1009
57 1009
57 1009
57 1009
57 1009
57 1009
57 274
57 274
57 273
57 273
57 273
57 273
57 273
57 273
57 273
57 273
57 273
57 273
57 273
57 274
57 274
57 274
57 274
57 274
57 274
57 274
57 274
57 274
57 273
57 272
57 272
57 272
57 272
57 272
57 272
57 272
57 272
57 272
57 272
57 272
57 272
57 272
57 272
57 272
57 272
57 272
57 272
57 272
57 272
57 272
56 264
56 264
56 264
56 264
56 264
56 264
56 264
56 264
56 264
56 264
56 264
56 264
56 264
56 264
56 264
56 264
56 264
56 264
56 264
56 264
56 264
56 264
56 264
56 264
56 264
56 264
56 264
56 264
56 264
56 264
56 264
56 264
56 264
56 264
56 264
56 264
56 264
56 264
56 264
56 264
56 264
56 264
56 264
56 264
56 264
56 264
56 264
56 264
56 265
56 265
56 265
56 265
56 265
56 265
56 265
56 265
56 265
56 265
56 265
56 265
56 265
56 265
56 265
56 265
56 265
56 265
56 264
56 264
56 264
56 264
56 264
56 264
56 264
56 264
56 263
56 263
56 263
56 263
56 263
56 263
56 263
56 263
56 263
56 263
56 263
56 263
56 263
56 263
56 263
56 263
56 263
56 263
56 263
56 263
56 263
56 263
56 263
56 263
56 263
56 263
0 985
0 985
0 985
0 985
0 985
0 985
0 985
0 985
0 985
0 985
0 985
0 985
0 985
0 985
0 985
0 985
0 985
0 985
0 985
0 985
0 985
0 985
0 985
0 985
0 985
0 985
0 985
0 985
0 985
0 985
0 985
0 985
0 985
0 985
0 985
0 985
0 985
0 985
0 985
0 985
0 985
0 985
0 985
0 985
0 985
0 985
0 985
0 985
0 985
0 985
0 985
0 985
0 985
0 985
0 985
0 985
0 985
0 985
0 985
0 985
0 985
0 985
0 985
0 985
0 985
0 985
0 985
0 985
0 985
0 985
0 985
0 985
0 985
0 985
0 985
0 985
0 985
0 985
0 985
0 985
0 985
0 985
0 985
0 985
0 985
0 985
0 984
0 984
0 984
0 983
0 983
0 983
0 983
0 983
0 983
0 983
0 983
0 983
0 983
0 983
72 299
72 299
72 299
72 298
72 298
72 298
72 298
72 299
72 299
72 299
72 299
72 299
72 299
72 299
72 299
72 299
72 299
72 299
72 300
72 300
72 300
72 300
72 300
72 300
72 300
72 300
72 300
72 300
72 300
72 300
72 300
72 300
72 300
72 300
72 300
72 301
72 301
72 301
72 301
72 301
72 301
72 301
72 301
72 301
72 302
72 302
72 302
72 302
72 302
72 302
72 302
72 302
72 301
72 301
72 301
72 301
72 301
72 301
72 301
72 301
72 301
72 301
72 301
72 301
72 301
72 301
72 301
72 301
72 301
72 301
72 301
72 301
72 301
72 301
72 301
72 301
72 301
72 301
72 301
72 301
72 301
72 301
72 301
72 301
72 301
72 301
72 301
72 301
72 302
72 302
72 302
72 302
72 302
72 302
72 302
72 302
72 302
72 302
72 302
72 302
31 78
31 78
31 78
31 78
31 78
31 78
31 79
31 79
31 79
31 79
31 80
31 80
31 80
31 80
31 80
31 80
31 80
31 80
31 80
31 80
31 80
31 80
31 80
31 81
31 81
31 81
31 81
31 81
31 81
31 81
31 81
31 81
31 81
31 81
31 81
31 81
31 81
31 81
31 81
31 81
31 81
31 81
31 81
31 81
31 81
31 81
31 81
31 81
31 80
31 80
31 80
31 80
31 80
31 80
31 80
31 80
31 81
31 81
31 81
31 81
31 81
31 81
31 81
31 82
31 82
31 82
31 82
31 82
31 82
31 82
31 82
31 82
31 82
31 82
31 82
31 82
31 82
31 82
31 82
31 82
31 82
31 82
31 82
31 82
31 82
31 82
31 82
31 82
31 83
31 83
31 84
31 84
31 84
31 84
31 84
31 84
31 84
31 84
31 84
31 84
55 330
55 330
55 330
55 330
55 330
55 330
55 330
55 330
55 330
55 329
55 329
55 329
55 329
55 329
55 329
55 329
55 329
55 329
55 329
55 329
55 329
55 329
55 329
55 329
55 329
55 329
55 329
55 329
55 329
55 329
55 329
55 329
55 329
55 329
55 329
55 329
55 329
55 328
55 328
55 328
55 328
55 328
55 328
55 328
55 328
55 328
55 328
55 328
55 328
55 328
55 327
55 327
55 327
55 327
55 327
55 327
55 327
55 327
55 327
55 327
55 327
55 327
55 327
55 327
55 327
55 327
55 327
55 327
55 327
55 327
55 327
55 328
55 328
55 328
55 327
55 327
55 327
55 327
55 327
55 327
55 327
55 327
55 327
55 327
55 327
55 327
55 327
55 327
55 327
55 327
55 327
55 327
55 327
55 327
55 327
55 327
55 327
55 327
55 327
55 327
23 84
23 84
23 84
23 84
23 84
23 84
23 84
23 84
23 84
23 84
23 84
23 83
23 83
23 83
23 83
23 83
23 83
23 83
23 83
23 83
23 83
23 83
23 83
23 83
23 82
23 82
23 82
23 82
23 82
23 82
23 82
23 82
23 82
23 82
23 82
23 82
23 82
23 82
23 82
23 82
23 82
23 82
23 82
23 82
23 82
23 82
23 82
23 82
23 82
23 82
23 82
23 82
23 82
23 82
23 82
23 82
23 82
23 82
23 82
23 82
23 82
23 82
23 82
23 82
23 82
23 82
23 82
23 82
23 82
23 83
23 83
23 83
23 83
23 83
23 83
23 83
23 83
23 83
23 83
23 83
23 83
23 83
23 83
23 83
23 83
23 83
23 83
23 83
23 83
23 83
23 83
23 83
23 83
23 83
23 83
23 83
23 83
23 83
23 83
23 83
57 272
57 272
57 272
57 272
57 272
57 272
57 272
57 272
57 272
57 272
57 273
57 273
57 273
57 273
57 273
57 274
57 274
57 274
57 274
57 274
57 274
57 274
57 274
57 274
57 274
57 273
57 273
57 273
57 273
57 273
57 273
57 273
57 273
57 273
57 274
57 274
57 274
57 274
57 274
57 274
57 274
57 274
57 274
57 274
57 275
57 275
57 275
57 275
57 275
57 275
57 275
57 275
57 275
57 275
57 275
57 275
57 275
57 275
57 275
57 275
57 275
57 275
57 275
57 275
57 275
57 276
57 276
57 276
57 276
57 276
57 276
57 276
57 276
57 276
57 276
57 276
57 276
57 276
57 276
57 276
57 276
57 276
57 276
57 276
57 276
57 276
57 276
57 276
57 276
57 276
57 276
57 275
57 275
57 275
57 275
57 275
57 275
57 275
57 275
57 275
1 835
1 835
1 835
1 835
1 835
1 835
1 835
1 835
1 835
1 835
1 835
1 835
1 834
1 834
1 834
1 834
1 834
1 834
1 834
1 834
1 834
1 833
1 833
1 833
1 833
1 833
1 833
1 833
1 833
1 833
1 833
1 833
1 833
1 833
1 833
1 834
1 834
1 834
1 834
1 834
1 835
1 835
1 835
1 836
1 836
1 836
1 836
1 836
1 836
1 836
1 836
1 836
1 836
1 836
1 836
1 836
1 836
1 836
1 836
1 836
1 836
1 836
1 836
1 836
1 836
1 836
1 836
1 836
1 836
1 836
1 836
1 836
1 836
1 836
1 836
1 836
1 836
1 836
1 836
1 837
1 837
1 837
1 837
1 837
1 837
1 837
1 837
1 837
1 837
1 837
1 837
1 837
1 837
1 837
1 836
1 836
1 836
1 836
1 836
1 836
81 225
81 225
81 225
81 225
81 225
81 225
81 225
81 225
81 225
81 225
81 225
81 225
81 225
81 225
81 225
81 225
81 226
81 226
81 226
81 226
81 226
81 226
81 226
81 226
81 226
81 226
81 226
81 226
81 226
81 226
81 226
81 226
81 226
81 226
81 226
81 226
81 226
81 226
81 225
81 225
81 225
81 226
81 226
81 226
81 226
81 226
81 227
81 227
81 227
81 227
81 227
81 227
81 227
81 228
81 228
81 228
81 228
81 228
81 228
81 228
81 228
81 228
81 228
81 228
81 228
81 228
81 228
81 228
81 227
81 227
81 227
81 227
81 227
81 227
81 227
81 227
81 227
81 227
81 227
81 227
81 228
81 228
81 228
81 227
81 227
81 227
81 227
81 227
81 227
81 227
81 227
81 227
81 227
81 227
81 227
81 226
81 226
81 226
81 226
81 226
20 586
20 586
20 586
20 586
20 586
20 586
20 586
20 586
20 586
20 586
20 586
20 586
20 586
20 586
20 586
20 586
20 586
20 586
20 586
20 586
20 586
20 586
20 586
20 586
20 586
20 586
20 586
20 586
20 586
20 586
20 586
20 586
20 586
20 586
20 586
20 586
20 586
20 586
20 586
20 586
20 586
20 586
20 586
20 586
20 586
20 586
20 586
20 586
20 586
20 586
20 586
20 586
20 586
20 586
20 586
20 586
20 586
20 586
20 586
20 586
20 586
20 586
20 586
20 586
20 586
20 586
20 586
20 586
20 586
20 586
20 586
20 586
20 586
20 586
20 586
20 586
20 586
20 586
20 586
20 586
20 586
20 586
20 586
20 586
20 586
20 586
20 586
20 586
20 586
20 586
20 586
20 586
20 586
20 586
20 586
20 586
20 586
20 586
20 586
20 587
75 733
75 733
75 733
75 733
75 733
75 733
75 733
75 733
75 733
75 733
75 733
75 733
75 733
75 733
75 733
75 733
75 733
75 733
75 733
75 733
75 733
75 733
75 733
75 733
75 733
75 733
75 733
75 733
75 733
75 733
75 733
75 733
75 733
75 733
75 733
75 733
75 733
75 733
75 733
75 733
75 733
75 733
75 733
75 733
75 733
75 733
75 733
75 733
75 733
75 733
75 733
75 733
75 733
75 733
75 733
75 733
75 733
75 733
75 733
75 733
75 733
75 733
75 733
75 733
75 733
75 733
75 733
75 733
75 733
75 733
75 733
75 733
75 733
75 733
75 733
75 732
75 732
75 731
75 731
75 731
75 731
75 731
75 731
75 731
75 731
75 731
75 731
75 731
75 731
75 731
75 731
75 731
75 731
75 731
75 731
75 731
75 731
75 731
75 731
75 731
82 32
82 32
82 32
82 32
82 32
82 32
82 32
82 32
82 32
82 32
82 32
82 32
82 32
82 32
82 32
82 32
82 32
82 32
82 32
82 32
82 32
82 32
82 32
82 32
82 32
82 32
82 32
82 32
82 32
82 32
82 32
82 32
82 32
82 32
82 33
82 33
82 33
82 33
82 33
82 34
82 34
82 34
82 34
82 34
82 34
82 34
82 34
82 34
82 34
82 34
82 34
82 34
82 34
82 34
82 34
82 34
82 34
82 34
82 34
82 34
82 34
82 34
82 34
82 34
82 34
82 34
82 34
82 34
82 34
82 34
82 34
82 34
82 33
82 33
82 33
82 33
82 33
82 33
82 33
82 33
82 33
82 33
82 33
82 33
82 33
82 33
82 33
82 33
82 33
82 33
82 33
82 33
82 32
82 32
82 32
82 32
82 32
82 32
82 32
82 31
94 851
94 851
94 851
94 851
94 851
94 851
94 851
94 851
94 851
94 851
94 851
94 851
94 852
94 852
94 852
94 852
94 852
94 852
94 852
94 852
94 852
94 852
94 852
94 852
94 852
94 852
94 852
94 852
94 851
94 851
94 851
94 851
94 851
94 851
94 851
94 851
94 851
94 851
94 851
94 851
94 851
94 851
94 851
94 851
94 851
94 851
94 851
94 851
94 851
94 851
94 851
94 851
94 851
94 851
94 851
94 851
94 851
94 851
94 851
94 851
94 851
94 851
94 851
94 851
94 851
94 852
94 852
94 852
94 852
94 852
94 852
94 852
94 852
94 852
94 852
94 853
94 853
94 853
94 853
94 853
94 853
94 853
94 853
94 853
94 853
94 853
94 853
94 853
94 853
94 853
94 853
94 853
94 853
94 853
94 853
94 853
94 853
94 853
94 853
94 853
75 731
75 731
75 731
75 731
75 731
75 731
75 731
75 731
75 731
75 731
75 731
75 731
75 731
75 731
75 731
75 731
75 731
75 731
75 731
75 731
75 731
75 731
75 731
75 731
75 731
75 730
75 730
75 730
75 730
75 730
75 730
75 730
75 730
75 730
75 730
75 730
75 730
75 731
75 731
75 731
75 731
75 731
75 732
75 732
75 732
75 732
75 732
75 732
75 732
75 732
75 732
75 732
75 732
75 732
75 732
75 732
75 732
75 733
75 733
75 733
75 733
75 733
75 733
75 733
75 733
75 733
75 733
75 733
75 733
75 733
75 733
75 733
75 733
75 732
75 732
75 732
75 732
75 733
75 733
75 79
75 79
75 79
75 79
75 79
75 80
75 80
75 80
75 80
75 80
75 80
75 80
75 80
75 80
75 80
75 80
75 80
75 80
75 80
75 80
75 80
28 306
28 306
28 306
28 306
28 306
28 306
28 306
28 306
28 306
28 306
28 306
28 306
28 306
28 307
28 307
28 307
28 308
28 308
28 308
28 308
28 308
28 308
28 308
28 309
28 309
28 309
28 309
28 309
28 309
28 309
28 309
28 309
28 309
28 309
28 309
28 309
28 309
28 309
28 309
28 309
28 309
28 309
28 309
28 309
28 309
28 309
28 309
28 309
28 309
28 309
28 310
28 310
28 310
28 310
28 310
28 310
28 310
28 310
28 310
28 310
28 310
28 310
28 310
28 310
28 310
28 310
28 310
28 310
28 310
28 310
28 310
28 310
28 311
28 311
28 311
28 311
28 311
28 311
28 311
28 311
28 311
28 311
28 311
28 311
28 311
28 311
28 311
28 311
28 311
28 311
28 311
28 311
28 311
28 311
28 311
28 311
28 311
28 311
28 311
28 311
2 973
2 973
2 973
2 973
2 973
2 973
2 973
2 973
2 973
2 973
2 973
2 973
2 973
2 973
2 973
2 973
2 973
2 973
2 973
2 973
2 973
2 973
2 973
2 973
2 973
2 973
2 973
2 973
2 973
2 973
2 973
2 973
2 973
2 973
2 973
2 973
2 973
2 973
2 973
2 973
2 973
2 973
2 973
2 973
2 973
2 973
2 973
2 973
2 973
2 973
2 973
2 973
2 973
2 973
2 973
2 973
2 973
2 973
2 973
2 973
2 972
2 971
2 971
2 971
2 971
2 971
2 971
2 971
2 971
2 971
2 971
2 971
2 971
2 971
2 971
2 971
2 971
2 971
2 971
2 971
2 972
2 972
2 972
2 972
2 972
2 972
2 972
2 972
2 972
2 972
2 972
2 972
2 972
2 972
2 972
2 972
2 972
2 972
2 972
2 972
50 645
50 645
50 645
50 645
50 645
50 645
50 645
50 645
50 645
50 645
50 645
50 645
50 645
50 644
50 644
50 644
50 644
50 644
50 644
50 644
50 644
50 644
50 644
50 644
50 644
50 644
50 644
50 645
50 645
50 645
50 645
50 645
50 645
50 231
50 231
50 231
50 230
50 230
50 230
50 230
50 230
50 230
50 230
50 231
50 231
50 231
50 231
50 231
50 231
50 231
50 231
50 231
50 231
50 231
50 232
50 232
50 232
50 232
50 232
50 232
50 232
50 232
50 232
50 232
50 232
50 232
50 232
50 232
50 232
50 232
50 232
50 232
50 232
50 232
50 232
50 232
50 232
50 232
50 233
50 233
50 233
50 233
50 233
50 233
50 233
50 234
50 234
50 234
50 234
50 234
50 234
50 234
50 234
50 234
50 234
50 234
50 234
50 234
50 234
50 234
96 929
96 929
96 929
96 929
96 929
96 929
96 929
96 928
96 928
96 929
96 929
96 929
96 929
96 929
96 929
96 929
96 929
96 929
96 929
96 929
96 929
96 929
96 929
96 929
96 929
96 929
96 929
96 929
96 929
96 929
96 929
96 929
96 929
96 929
96 929
96 929
96 929
96 929
96 929
96 929
96 929
96 929
96 929
96 929
96 929
96 929
96 929
96 930
96 930
96 930
96 931
96 931
96 931
96 930
96 930
96 930
96 930
96 930
96 930
96 930
96 930
96 930
96 930
96 930
96 930
96 930
96 930
96 930
96 930
96 930
96 930
96 930
96 930
96 929
96 929
96 929
96 929
96 929
96 930
96 930
96 930
96 930
96 930
96 930
96 930
96 930
96 930
96 931
96 931
96 932
96 932
96 932
96 932
96 933
96 932
96 932
96 932
96 932
96 932
96 932
43 728
43 728
43 728
43 728
43 727
43 727
43 727
43 727
43 727
43 727
43 727
43 727
43 727
43 727
43 727
43 727
43 727
43 727
43 726
43 726
43 726
43 726
43 726
43 726
43 726
43 725
43 725
43 725
43 725
43 725
43 725
43 725
43 725
43 725
43 725
43 725
43 725
43 725
43 725
43 725
43 725
43 725
43 725
43 725
43 725
43 725
43 725
43 725
43 725
43 725
43 725
43 725
43 725
43 725
43 725
43 725
43 725
43 725
43 725
43 725
43 725
43 725
43 725
43 725
43 725
43 725
43 725
43 725
43 725
43 725
43 725
43 725
43 725
43 725
43 725
43 725
43 725
43 725
43 725
43 725
43 725
43 725
43 724
43 724
43 724
43 724
43 724
43 724
43 724
43 724
43 724
43 724
43 724
43 724
43 724
43 724
43 724
43 724
43 724
43 724
51 132
51 132
51 132
51 133
51 133
51 133
51 133
51 133
51 133
51 133
51 133
51 133
51 133
51 133
51 133
51 133
51 133
51 133
51 133
51 133
51 133
51 133
51 133
51 133
51 133
51 133
51 133
51 133
51 133
51 133
51 133
51 133
51 133
51 133
51 132
51 132
51 132
51 132
51 132
51 132
51 132
51 132
51 132
51 132
51 132
51 132
51 132
51 132
51 132
51 132
51 132
51 132
51 132
51 132
51 132
51 132
51 132
51 132
51 132
51 132
51 133
51 133
51 133
51 133
51 133
51 133
51 133
51 133
51 133
51 133
51 133
51 133
51 133
51 133
51 133
51 133
51 133
51 133
51 133
51 132
51 132
51 132
51 132
51 132
51 132
51 132
51 132
51 132
51 132
51 132
51 132
51 132
51 132
51 132
51 132
51 132
51 132
51 132
51 132
51 132
90 615
90 615
90 615
90 614
90 614
90 614
90 614
90 614
90 614
90 614
90 614
90 614
90 614
90 614
90 614
90 614
90 614
90 614
90 614
90 614
90 614
90 614
90 614
90 614
90 614
90 614
90 614
90 614
90 614
90 614
90 614
90 614
90 614
90 614
90 614
90 614
90 614
90 614
90 614
90 614
90 615
90 615
90 615
90 615
90 615
90 615
90 615
90 615
90 615
90 614
90 614
90 614
90 614
90 614
90 614
90 614
90 614
90 614
90 614
90 613
90 613
90 613
90 613
90 612
90 612
90 612
90 612
90 612
90 612
90 612
90 611
90 611
90 611
90 611
90 611
90 611
90 611
90 611
90 611
90 611
90 611
90 611
90 611
90 611
90 611
90 611
90 611
90 702
90 702
90 702
90 702
90 702
90 702
90 702
90 702
90 702
90 702
90 702
90 702
90 702
53 713
53 713
53 713
53 713
53 713
53 713
53 713
53 713
53 713
53 713
53 713
53 713
53 713
53 713
53 713
53 713
53 713
53 713
53 713
53 713
53 713
53 713
53 712
53 712
53 712
53 712
53 712
53 712
53 712
53 712
53 711
53 711
53 711
53 711
53 711
53 711
53 711
53 711
53 710
53 710
53 710
53 710
53 710
53 710
53 710
53 710
53 711
53 711
53 711
53 711
53 711
53 711
53 711
53 711
53 711
53 711
53 711
53 711
53 711
53 711
53 711
53 711
53 711
53 711
53 711
53 711
53 711
53 711
53 711
53 711
53 711
53 711
53 711
53 711
53 711
53 711
53 710
53 710
53 710
53 710
53 710
53 710
53 710
53 710
53 710
53 710
53 710
53 710
53 710
53 710
53 710
53 710
53 710
53 710
53 716
53 716
53 716
53 716
53 716
53 716
30 732
30 733
30 733
30 733
30 733
30 733
30 733
30 733
30 734
30 734
30 734
30 734
30 734
30 734
30 734
30 734
30 734
30 734
30 734
30 734
30 734
30 734
30 734
30 734
30 734
30 734
30 734
30 734
30 734
30 734
30 735
30 735
30 735
30 735
30 734
30 734
30 734
30 734
30 734
30 734
30 734
30 734
30 734
30 734
30 734
30 734
30 734
30 734
30 734
30 734
30 732
30 732
30 732
30 732
30 732
30 732
30 732
30 732
30 732
30 732
30 732
30 732
30 732
30 732
30 732
30 732
30 732
30 733
30 733
30 733
30 733
30 733
30 733
30 733
30 733
30 733
30 733
30 733
30 733
30 734
30 734
30 734
30 734
30 734
30 734
30 734
30 734
30 734
30 734
30 734
30 734
30 734
30 734
30 734
30 734
30 734
30 734
30 734
30 734
30 734
24 573
24 573
24 573
24 573
24 573
24 573
24 573
24 573
24 573
24 573
24 573
24 573
24 573
24 573
24 573
24 573
24 573
24 573
24 573
24 573
24 573
24 573
24 573
24 573
24 573
24 573
24 573
24 573
24 573
24 573
24 573
24 573
24 573
24 573
24 573
24 573
24 573
24 573
24 573
24 573
24 573
24 573
24 573
24 573
24 573
24 573
24 573
24 573
24 573
24 573
24 573
24 573
24 573
24 573
24 573
24 573
24 573
24 573
24 573
24 573
24 573
24 573
24 573
24 573
24 573
24 573
24 573
24 573
24 573
24 573
24 573
24 573
24 573
24 573
24 573
24 573
24 573
24 573
24 573
24 573
24 573
24 573
24 573
24 573
24 573
24 573
24 573
24 573
24 573
24 573
24 573
24 573
24 573
24 573
24 573
24 573
24 573
24 573
24 573
24 573
68 826
68 826
68 826
68 826
68 826
68 826
68 826
68 826
68 826
68 826
68 826
68 826
68 826
68 826
68 826
68 827
68 827
68 827
68 827
68 827
68 827
68 827
68 827
68 827
68 827
68 827
68 827
68 827
68 827
68 826
68 826
68 826
68 826
68 826
68 826
68 826
68 826
68 826
68 826
68 826
68 826
68 826
68 826
68 826
68 825
68 825
68 825
68 825
68 825
68 825
68 825
68 825
68 825
68 825
68 825
68 825
68 825
68 825
68 825
68 825
68 825
68 825
68 825
68 826
68 826
68 826
68 826
68 826
68 826
68 826
68 826
68 826
68 826
68 826
68 826
68 826
68 826
68 826
68 826
68 826
68 826
68 826
68 826
68 826
68 826
68 826
68 826
68 826
68 826
68 826
68 827
68 827
68 827
68 827
68 827
68 827
68 827
68 828
68 828
68 828
95 331
95 331
95 331
95 331
95 331
95 331
95 331
95 331
95 331
95 331
95 331
95 331
95 331
95 331
95 331
95 331
95 331
95 331
95 331
95 331
95 331
95 331
95 331
95 330
95 330
95 330
95 330
95 330
95 330
95 330
95 330
95 330
95 330
95 330
95 330
95 331
95 331
95 331
95 331
95 331
95 331
95 331
95 331
95 331
95 331
95 331
95 331
95 331
95 332
95 332
95 332
95 332
95 332
95 332
95 332
95 332
95 332
95 332
95 332
95 332
95 332
95 332
95 332
95 332
95 332
95 332
95 332
95 332
95 332
95 332
95 332
95 332
95 332
95 332
95 332
95 332
95 332
95 332
95 332
95 332
95 332
95 332
95 332
95 332
95 332
95 332
95 332
95 332
95 332
95 332
95 332
95 332
95 332
95 332
95 332
95 332
95 332
95 332
95 332
95 332
99 713
99 713
99 713
99 713
99 713
99 713
99 713
99 713
99 713
99 713
99 712
99 712
99 712
99 712
99 712
99 712
99 712
99 712
99 712
99 712
99 712
99 712
99 711
99 711
99 711
99 711
99 710
99 710
99 710
99 710
99 709
99 709
99 709
99 709
99 709
99 709
99 710
99 710
99 710
99 710
99 711
99 711
99 711
99 711
99 712
99 712
99 712
99 712
99 712
99 713
99 713
99 713
99 713
99 714
99 714
99 714
99 714
99 714
99 714
99 714
99 714
99 714
99 714
99 714
99 714
99 714
99 714
99 713
99 713
99 713
99 713
99 713
99 713
99 712
99 712
99 712
99 712
99 712
99 712
99 712
99 712
99 712
99 712
99 712
99 712
99 713
99 712
99 712
99 712
99 712
99 712
99 712
99 712
99 712
99 712
99 712
99 712
99 712
99 712
99 712
11 471
11 471
11 471
11 471
11 471
11 471
11 471
11 471
11 471
11 471
11 471
11 471
11 472
11 472
11 472
11 472
11 472
11 472
11 472
11 472
11 472
11 472
11 472
11 472
11 472
11 472
11 472
11 472
11 472
11 473
11 473
11 473
11 473
11 473
11 473
11 473
11 473
11 473
11 473
11 473
11 473
11 473
11 473
11 473
11 473
11 473
11 473
11 473
11 473
11 473
11 473
11 473
11 473
11 473
11 473
11 473
11 473
11 473
11 473
11 473
11 473
11 473
11 473
11 473
11 473
11 473
11 473
11 473
11 473
11 473
11 473
11 473
11 473
11 473
11 473
11 473
11 472
11 472
11 472
11 472
11 472
11 472
11 472
11 472
11 472
11 472
11 472
11 472
11 472
11 472
11 472
11 472
11 472
11 472
11 472
11 472
11 472
11 472
11 472
11 472
0 983
0 983
0 983
0 983
0 983
0 983
0 983
0 983
0 983
0 983
0 983
0 983
0 983
0 983
0 983
0 983
0 983
0 983
0 983
0 983
0 983
0 983
0 983
0 983
0 983
0 983
0 983
0 983
0 983
0 983
0 983
0 983
0 983
0 983
0 983
0 983
0 983
0 984
0 984
0 984
0 984
0 984
0 984
0 983
0 983
0 983
0 983
0 983
0 984
0 984
0 984
0 984
0 984
0 984
0 984
0 984
0 984
0 984
0 985
0 985
0 985
0 985
0 985
0 985
0 986
0 985
0 985
0 985
0 985
0 985
0 985
0 985
0 985
0 985
0 985
0 985
0 985
0 985
0 985
0 985
0 985
0 985
0 985
0 985
0 985
0 985
0 985
0 985
0 985
0 985
0 985
0 985
0 985
0 985
0 985
0 986
0 986
0 986
0 986
0 985
29 111
29 111
29 111
29 111
29 111
29 111
29 111
29 111
29 111
29 111
29 111
29 111
29 111
29 111
29 111
29 111
29 111
29 110
29 110
29 110
29 110
29 110
29 110
29 110
29 110
29 110
29 110
29 110
29 110
29 110
29 110
29 110
29 110
29 110
29 110
29 110
29 110
29 110
29 110
29 110
29 110
29 110
29 110
29 110
29 110
29 110
29 110
29 110
29 110
29 110
29 110
29 110
29 110
29 110
29 110
29 110
29 110
29 110
29 111
29 111
29 111
29 111
29 111
29 111
29 111
29 111
29 111
29 110
29 110
29 110
29 110
29 109
29 109
29 109
29 109
29 109
29 109
29 109
29 109
29 109
29 109
29 110
29 110
29 110
29 109
29 109
29 109
29 109
29 109
29 109
29 109
29 109
29 109
29 109
29 109
29 109
29 109
29 109
29 109
29 109
21 280
21 280
21 279
21 279
21 279
21 280
21 280
21 280
21 280
21 280
21 280
21 280
21 280
21 280
21 280
21 280
21 280
21 280
21 280
21 280
21 280
21 280
21 280
21 279
21 279
21 279
21 279
21 279
21 279
21 279
21 279
21 279
21 279
21 279
21 279
21 279
21 279
21 279
21 278
21 278
21 278
21 278
21 278
21 278
21 278
21 278
21 278
21 278
21 278
21 278
21 278
21 278
21 278
21 278
21 278
21 278
21 278
21 278
21 277
21 277
21 277
21 277
21 277
21 277
21 277
21 277
21 277
21 278
21 278
21 278
21 278
21 278
21 278
21 278
21 277
21 277
21 277
21 277
21 277
21 277
21 277
21 277
21 277
21 277
21 277
21 277
21 277
21 277
21 277
21 277
21 277
21 277
21 277
21 277
21 277
21 277
21 277
21 277
21 277
21 277
56 263
56 263
56 263
56 263
56 263
56 263
56 263
56 263
56 263
56 263
56 264
56 264
56 264
56 265
56 265
56 265
56 265
56 265
56 265
56 265
56 265
56 265
56 265
56 265
56 265
56 265
56 265
56 265
56 265
56 265
56 265
56 265
56 265
56 265
56 265
56 265
56 265
56 265
56 265
56 265
56 265
56 265
56 265
56 265
56 265
56 265
56 265
56 265
56 265
56 265
56 265
56 265
56 265
56 265
56 265
56 265
56 265
56 265
56 265
56 265
56 265
56 265
56 265
56 265
56 265
56 265
56 265
56 265
56 265
56 265
56 265
56 265
56 265
56 265
56 265
56 265
56 265
56 265
56 265
56 265
56 265
56 265
56 265
56 265
56 264
56 264
56 264
56 264
56 264
56 264
56 264
56 264
56 264
56 264
56 264
56 264
56 264
56 264
56 264
56 264
30 734
30 734
30 734
30 734
30 734
30 734
30 734
30 734
30 734
30 734
30 734
30 734
30 734
30 734
30 734
30 734
30 734
30 734
30 734
30 734
30 734
30 734
30 734
30 734
30 734
30 734
30 734
30 734
30 734
30 734
30 734
30 734
30 734
30 734
30 734
30 734
30 734
30 734
30 734
30 734
30 734
30 734
30 734
30 734
30 734
30 734
30 734
30 734
30 734
30 734
30 734
30 734
30 734
30 735
30 735
30 735
30 735
30 735
30 735
30 735
30 734
30 734
30 734
30 734
30 734
30 734
30 734
30 734
30 734
30 734
30 734
30 734
30 734
30 734
30 734
30 734
30 734
30 734
30 734
30 734
30 734
30 734
30 734
30 734
30 734
30 735
30 735
30 966
30 966
30 966
30 966
30 966
30 966
30 966
30 965
30 965
30 965
30 965
30 965
30 965
45 410
45 410
45 410
45 410
45 410
45 410
45 410
45 410
45 410
45 410
45 410
45 410
45 410
45 410
45 410
45 410
45 410
45 410
45 410
45 410
45 410
45 410
45 410
45 410
45 411
45 410
45 410
45 410
45 410
45 410
45 410
45 410
45 410
45 410
45 410
45 410
45 410
45 410
45 410
45 410
45 410
45 410
45 410
45 410
45 410
45 410
45 410
45 410
45 410
45 410
45 410
45 410
45 410
45 410
45 410
45 410
45 410
45 410
45 410
45 410
45 410
45 410
45 410
45 410
45 410
45 410
45 410
45 410
45 410
45 410
45 410
45 410
45 410
45 410
45 410
45 410
45 410
45 410
45 410
45 410
45 410
45 410
45 410
45 410
45 410
45 410
45 410
45 410
45 410
45 410
45 409
45 409
45 409
45 409
45 409
45 409
45 409
45 409
45 409
45 409
39 961
39 961
39 961
39 961
39 961
39 961
39 961
39 961
39 961
39 961
39 961
39 961
39 961
39 961
39 961
39 961
39 961
39 961
39 961
39 961
39 961
39 961
39 960
39 959
39 959
39 959
39 959
39 959
39 959
39 959
39 959
39 959
39 959
39 959
39 959
39 959
39 959
39 959
39 958
39 958
39 958
39 958
39 958
39 958
39 958
39 958
39 958
39 958
39 958
39 958
39 958
39 958
39 958
39 958
39 958
39 958
39 958
39 957
39 957
39 957
39 957
39 957
39 957
39 957
39 957
39 957
39 957
39 957
39 957
39 957
39 957
39 957
39 957
39 957
39 957
39 957
39 957
39 957
39 957
39 957
39 957
39 957
39 957
39 957
39 957
39 956
39 956
39 956
39 956
39 956
39 956
39 956
39 956
39 956
39 955
39 955
39 955
39 955
39 955
39 955
37 976
37 976
37 976
37 976
37 976
37 976
37 977
37 977
37 977
37 977
37 977
37 977
37 977
37 977
37 977
37 977
37 977
37 977
37 977
37 977
37 977
37 977
37 977
37 977
37 977
37 977
37 977
37 977
37 977
37 977
37 977
37 977
37 977
37 977
37 977
37 977
37 977
37 977
37 977
37 977
37 977
37 977
37 977
37 977
37 977
37 977
37 978
37 978
37 978
37 978
37 978
37 978
37 978
37 978
37 978
37 978
37 978
37 978
37 978
37 978
37 978
37 978
37 978
37 978
37 978
37 978
37 978
37 978
37 978
37 978
37 978
37 978
37 978
37 978
37 978
37 978
37 978
37 978
37 978
37 978
37 978
37 978
37 978
37 978
37 978
37 978
37 978
37 978
37 978
37 978
37 978
37 978
37 978
37 977
37 978
37 978
37 977
37 978
37 978
37 978
68 828
68 828
68 828
68 828
68 828
68 828
68 828
68 828
68 828
68 828
68 828
68 828
68 828
68 828
68 828
68 828
68 828
68 828
68 827
68 827
68 827
68 827
68 828
68 828
68 828
68 828
68 828
68 828
68 827
68 827
68 827
68 827
68 827
68 827
68 828
68 828
68 828
68 828
68 828
68 828
68 828
68 828
68 828
68 828
68 828
68 828
68 828
68 828
68 828
68 828
68 828
68 828
68 828
68 828
68 828
68 828
68 828
68 828
68 828
68 828
68 828
68 828
68 828
68 828
68 828
68 828
68 828
68 828
68 828
68 826
68 826
68 826
68 826
68 826
68 826
68 826
68 826
68 826
68 826
68 826
68 826
68 826
68 826
68 826
68 826
68 826
68 826
68 826
68 826
68 826
68 826
68 826
68 826
68 826
68 826
68 826
68 826
68 826
68 826
68 826
97 924
97 924
97 924
97 924
97 924
97 924
97 924
97 924
97 924
97 924
97 924
97 924
97 925
97 925
97 925
97 925
97 925
97 925
97 925
97 924
97 924
97 924
97 924
97 924
97 924
97 924
97 924
97 924
97 924
97 924
97 924
97 924
97 924
97 924
97 924
97 924
97 924
97 924
97 924
97 924
97 924
97 924
97 924
97 924
97 924
97 924
97 924
97 924
97 924
97 924
97 924
97 924
97 924
97 924
97 924
97 924
97 924
97 924
97 924
97 924
97 924
97 924
97 924
97 924
97 924
97 924
97 924
97 924
97 924
97 924
97 924
97 924
97 924
97 924
97 924
97 924
97 924
97 924
97 924
97 924
97 924
97 924
97 924
97 924
97 924
97 924
97 924
97 924
97 924
97 924
97 924
97 924
97 924
97 924
97 923
97 923
97 923
97 923
97 923
97 923
38 335
38 334
38 334
38 334
38 334
38 334
38 334
38 334
38 334
38 334
38 334
38 334
38 335
38 335
38 335
38 335
38 335
38 335
38 335
38 335
38 335
38 335
38 335
38 335
38 335
38 335
38 335
38 335
38 335
38 335
38 335
38 335
38 335
38 336
38 336
38 336
38 336
38 336
38 336
38 336
38 337
38 337
38 337
38 337
38 337
38 337
38 337
38 337
38 337
38 337
38 337
38 337
38 337
38 337
38 337
38 337
38 337
38 337
38 337
38 337
38 337
38 337
38 337
38 337
38 337
38 337
38 337
38 337
38 337
38 337
38 337
38 336
38 336
38 336
38 336
38 336
38 336
38 336
38 336
38 336
38 336
38 336
38 336
38 336
38 336
38 336
38 336
38 336
38 336
38 336
38 336
38 336
38 336
38 336
38 336
38 336
38 336
38 336
38 336
38 336
2 972
2 972
2 972
2 972
2 972
2 972
2 972
2 972
2 971
2 971
2 971
2 971
2 971
2 971
2 971
2 971
2 971
2 971
2 971
2 971
2 971
2 971
2 971
2 971
2 971
2 971
2 971
2 972
2 972
2 972
2 972
2 973
2 973
2 973
2 973
2 973
2 973
2 973
2 973
2 973
2 973
2 973
2 973
2 973
2 973
2 973
2 973
2 973
2 973
2 973
2 973
2 973
2 973
2 973
2 973
2 973
2 973
2 973
2 973
2 973
2 973
2 973
2 972
2 972
2 972
2 972
2 972
2 972
2 971
2 971
2 971
2 971
2 971
2 971
2 971
2 971
2 971
2 971
2 971
2 971
2 970
2 970
2 970
2 970
2 970
2 970
2 970
2 970
2 970
2 970
2 970
2 970
2 970
2 970
2 970
2 970
2 970
2 970
2 970
2 970
69 1017
69 1017
69 1016
69 1016
69 1016
69 1016
69 1016
69 1016
69 1016
69 1016
69 1016
69 1016
69 1016
69 1016
69 1016
69 1016
69 1016
69 1016
69 1016
69 1016
69 1016
69 1016
69 1016
69 1016
69 1016
69 1017
69 1017
69 1017
69 1017
69 1017
69 1017
69 1017
69 1016
69 1016
69 1016
69 1016
69 1016
69 1016
69 1016
69 1016
69 1016
69 1016
69 1016
69 1016
69 1016
69 1016
69 1016
69 1016
69 1016
69 1016
69 1016
69 1017
69 1017
69 1017
69 1017
69 1018
69 1018
69 1018
69 1018
69 1018
69 1018
69 1018
69 1018
69 1018
69 1018
69 1018
69 1018
69 1018
69 1018
69 1018
69 1018
69 1019
69 1019
69 1019
69 1019
69 1019
69 1019
69 1019
69 1019
69 1019
69 1019
69 1019
69 1020
69 1020
69 1020
69 1020
69 1020
69 1020
69 1020
69 1020
69 1020
69 1020
69 1020
69 1020
69 1020
69 1020
69 1020
69 1020
69 1020
69 1020
65 434
65 434
65 434
65 434
65 434
65 434
65 434
65 434
65 434
65 434
65 434
65 434
65 434
65 434
65 434
65 434
65 434
65 434
65 434
65 434
65 434
65 434
65 434
65 434
65 434
65 434
65 434
65 434
65 434
65 434
65 434
65 434
65 434
65 434
65 434
65 434
65 434
65 434
65 434
65 434
65 434
65 433
65 433
65 433
65 433
65 433
65 433
65 433
65 433
65 433
65 433
65 433
65 433
65 433
65 433
65 433
65 433
65 433
65 433
65 433
65 433
65 433
65 433
65 433
65 433
65 433
65 433
65 433
65 433
65 433
65 432
65 432
65 432
65 432
65 432
65 432
65 432
65 432
65 432
65 432
65 432
65 432
65 432
65 432
65 432
65 432
65 432
65 432
65 432
65 432
65 432
65 432
65 432
65 432
65 432
65 432
65 432
65 432
65 432
65 432
84 874
84 874
84 874
84 874
84 874
84 874
84 874
84 874
84 873
84 873
84 873
84 873
84 873
84 873
84 873
84 873
84 873
84 873
84 873
84 873
84 873
84 873
84 873
84 873
84 873
84 873
84 873
84 873
84 873
84 873
84 873
84 873
84 873
84 873
84 873
84 873
84 873
84 873
84 873
84 873
84 873
84 873
84 873
84 873
84 873
84 873
84 873
84 873
84 873
84 873
84 873
84 874
84 874
84 874
84 874
84 874
84 874
84 874
84 874
84 874
84 874
84 874
84 874
84 874
84 874
84 874
84 874
84 874
84 874
84 874
84 874
84 874
84 874
84 874
84 874
84 874
84 874
84 874
84 874
84 874
84 874
84 874
84 874
84 874
84 874
84 874
84 874
84 873
84 873
84 873
84 873
84 873
84 873
84 873
84 873
84 873
84 873
84 873
84 873
84 873
63 914
63 914
63 914
63 914
63 914
63 914
63 913
63 913
63 913
63 913
63 913
63 913
63 913
63 913
63 913
63 913
63 913
63 913
63 913
63 913
63 913
63 913
63 913
63 913
63 913
63 913
63 913
63 913
63 913
63 913
63 913
63 913
63 913
63 913
63 913
63 913
63 913
63 913
63 913
63 913
63 913
63 913
63 913
63 913
63 913
63 913
63 913
63 914
63 914
63 914
63 913
63 913
63 913
63 913
63 913
63 913
63 913
63 913
63 913
63 913
63 913
63 913
63 913
63 913
63 913
63 913
63 913
63 913
63 913
63 913
63 913
63 913
63 913
63 913
63 913
63 913
63 913
63 913
63 913
63 913
63 913
63 913
63 913
63 913
63 913
63 913
63 913
63 913
63 913
63 913
63 913
63 913
63 913
63 913
63 913
63 913
63 913
63 913
63 913
63 913
41 455
41 455
41 455
41 455
41 455
41 456
41 457
41 457
41 456
41 456
41 456
41 456
41 456
41 456
41 456
41 456
41 456
41 456
41 456
41 456
41 456
41 456
41 456
41 456
41 456
41 456
41 456
41 456
41 456
41 456
41 456
41 456
41 456
41 456
41 456
41 456
41 456
41 456
41 456
41 456
41 456
41 456
41 456
41 457
41 457
41 457
41 457
41 457
41 457
41 457
41 457
41 457
41 457
41 457
41 457
41 457
41 457
41 457
41 457
41 457
41 457
41 457
41 457
41 457
41 457
41 457
41 457
41 457
41 457
41 457
41 457
41 457
41 457
41 457
41 457
41 457
41 457
41 457
41 457
41 457
41 457
41 457
41 457
41 457
41 457
41 457
41 457
41 457
41 457
41 457
41 457
41 457
41 457
41 457
41 457
41 457
41 457
41 457
41 457
41 457
12 34
12 34
12 34
12 34
12 34
12 34
12 34
12 466
12 466
12 466
12 466
12 466
12 466
12 466
12 466
12 466
12 466
12 466
12 466
12 466
12 466
12 466
12 466
12 466
12 466
12 466
12 466
12 466
12 466
12 466
12 466
12 466
12 466
12 466
12 466
12 466
12 466
12 466
12 466
12 467
12 467
12 467
12 467
12 467
12 467
12 467
12 467
12 467
12 467
12 467
12 467
12 467
12 467
12 467
12 467
12 467
12 467
12 467
12 467
12 467
12 467
12 467
12 467
12 467
12 467
12 467
12 467
12 467
12 466
12 466
12 466
12 466
12 467
12 467
12 467
12 467
12 467
12 467
12 467
12 467
12 467
12 467
12 467
12 467
12 467
12 467
12 467
12 467
12 467
12 467
12 467
12 467
12 467
12 467
12 467
12 467
12 467
12 467
12 467
12 468
17 731
17 731
17 731
17 731
17 731
17 731
17 731
17 731
17 731
17 731
17 732
17 732
17 732
17 731
17 731
17 731
17 731
17 731
17 731
17 731
17 731
17 731
17 731
17 731
17 731
17 730
17 730
17 730
17 730
17 730
17 730
17 730
17 730
17 730
17 731
17 731
17 731
17 731
17 731
17 731
17 731
17 731
17 731
17 731
17 731
17 731
17 731
17 731
17 731
17 731
17 731
17 731
17 731
17 731
17 731
17 731
17 731
17 731
17 731
17 731
17 731
17 731
17 731
17 731
17 731
17 731
17 731
17 731
17 731
17 731
17 731
17 731
17 731
17 732
17 732
17 732
17 732
17 732
17 732
17 732
17 732
17 732
17 732
17 732
17 732
17 732
17 732
17 732
17 732
17 732
17 732
17 732
17 732
17 732
17 732
17 732
17 732
17 732
17 732
17 732
43 724
43 724
43 724
43 724
43 724
43 725
43 725
43 725
43 726
43 726
43 726
43 726
43 726
43 726
43 726
43 726
43 726
43 726
43 726
43 726
43 726
43 726
43 726
43 726
43 726
43 726
43 726
43 726
43 726
43 726
43 726
43 726
43 726
43 726
43 726
43 726
43 726
43 726
43 726
43 726
43 725
43 725
43 725
43 725
43 725
43 725
43 725
43 725
43 724
43 724
43 724
43 724
43 724
43 724
43 724
43 724
43 724
43 724
43 724
43 724
43 724
43 724
43 724
43 724
43 724
43 724
43 724
43 724
43 724
43 724
43 725
43 725
43 725
43 725
43 725
43 725
43 725
43 725
43 725
43 725
43 725
43 725
43 725
43 725
43 725
43 725
43 725
43 725
43 725
43 725
43 725
43 725
43 725
43 725
43 725
43 725
43 725
43 725
43 725
43 725
8 432
8 432
8 432
8 432
8 432
8 432
8 432
8 432
8 432
8 432
8 432
8 432
8 432
8 432
8 431
8 431
8 431
8 431
8 431
8 431
8 431
8 431
8 431
8 431
8 431
8 431
8 431
8 431
8 431
8 431
8 431
8 431
8 431
8 431
8 431
8 431
8 432
8 432
8 432
8 432
8 432
8 432
8 432
8 432
8 432
8 431
8 431
8 431
8 430
8 430
8 430
8 430
8 430
8 430
8 430
8 430
8 430
8 430
8 430
8 430
8 430
8 430
8 430
8 430
8 430
8 430
8 430
8 430
8 430
8 430
8 430
8 430
8 430
8 430
8 430
8 430
8 430
8 430
8 430
8 430
8 430
8 430
8 430
8 430
8 430
8 430
8 430
8 430
8 430
8 430
8 430
8 430
8 430
8 430
8 430
8 430
8 430
8 430
8 430
8 430
12 468
12 468
12 468
12 468
12 468
12 468
12 467
12 467
12 467
12 467
12 467
12 467
12 467
12 467
12 467
12 467
12 467
12 467
12 467
12 467
12 467
12 467
12 467
12 467
12 467
12 467
12 468
12 468
12 468
12 468
12 468
12 467
12 467
12 467
12 467
12 467
12 467
12 467
12 467
12 467
12 467
12 467
12 467
12 466
12 466
12 466
12 466
12 466
12 466
12 466
12 466
12 466
12 466
12 466
12 466
12 466
12 466
12 466
12 466
12 466
12 466
12 466
12 466
12 466
12 466
12 466
12 466
12 466
12 466
12 466
12 466
12 466
12 466
12 465
12 465
12 464
12 464
12 464
12 464
12 465
12 465
12 466
12 466
12 466
12 466
12 466
12 466
12 466
12 466
12 466
12 466
12 466
12 466
12 466
12 466
12 466
12 466
12 466
12 466
12 466
95 332
95 332
95 332
95 332
95 332
95 333
95 333
95 333
95 333
95 333
95 333
95 333
95 333
95 333
95 333
95 333
95 333
95 333
95 333
95 333
95 333
95 333
95 333
95 333
95 333
95 333
95 333
95 333
95 333
95 333
95 333
95 333
95 333
95 333
95 333
95 333
95 333
95 333
95 333
95 333
95 333
95 333
95 332
95 332
95 332
95 332
95 332
95 332
95 332
95 332
95 332
95 332
95 332
95 333
95 333
95 333
95 333
95 333
95 333
95 333
95 333
95 333
95 333
95 333
95 333
95 333
95 333
95 333
95 333
95 333
95 333
95 333
95 333
95 334
95 334
95 334
95 334
95 334
95 334
95 334
95 334
95 334
95 334
95 334
95 334
95 334
95 334
95 334
95 334
95 335
95 335
95 335
95 335
95 335
95 335
95 335
95 335
95 331
95 330
95 330
99 712
99 712
99 712
99 712
99 712
99 712
99 712
99 712
99 712
99 712
99 712
99 712
99 712
99 712
99 712
99 712
99 712
99 712
99 712
99 712
99 712
99 712
99 712
99 712
99 712
99 713
99 713
99 713
99 713
99 713
99 713
99 713
99 713
99 713
99 713
99 713
99 713
99 713
99 713
99 713
99 713
99 713
99 713
99 713
99 713
99 713
99 713
99 713
99 713
99 713
99 713
99 713
99 713
99 713
99 713
99 713
99 713
99 713
99 713
99 713
99 713
99 713
99 713
99 713
99 713
99 713
99 713
99 713
99 713
99 713
99 713
99 713
99 713
99 713
99 713
99 713
99 713
99 713
99 714
99 714
99 714
99 715
99 715
99 715
99 715
99 715
99 715
99 715
99 715
99 715
99 715
99 715
99 715
99 715
99 715
99 715
99 715
99 715
99 715
99 715
65 432
65 432
65 432
65 432
65 432
65 432
65 432
65 432
65 432
65 432
65 432
65 432
65 432
65 432
65 432
65 432
65 432
65 432
65 432
65 432
65 432
65 432
65 432
65 432
65 432
65 432
65 432
65 432
65 432
65 432
65 431
65 431
65 431
65 431
65 431
65 431
65 431
65 431
65 431
65 431
65 431
65 431
65 431
65 431
65 431
65 431
65 431
65 431
65 431
65 431
65 431
65 431
65 431
65 431
65 431
65 431
65 431
65 432
65 432
65 432
65 432
65 432
65 432
65 432
65 432
65 432
65 432
65 432
65 432
65 432
65 432
65 432
65 432
65 432
65 432
65 432
65 432
65 432
65 432
65 433
65 433
65 433
65 433
65 433
65 433
65 433
65 433
65 433
65 433
65 433
65 433
65 433
65 433
65 433
65 433
65 433
65 433
65 433
65 433
65 433
77 781
77 781
77 781
77 781
77 781
77 782
77 782
77 782
77 782
77 782
77 782
77 782
77 782
77 782
77 782
77 782
77 782
77 782
77 782
77 782
77 782
77 782
77 782
77 782
77 782
77 782
77 782
77 782
77 782
77 782
77 782
77 782
77 782
77 782
77 782
77 782
77 782
77 783
77 783
77 783
77 783
77 783
77 783
77 783
77 782
77 782
77 782
77 782
77 782
77 782
77 782
77 782
77 782
77 782
77 782
77 782
77 782
77 782
77 782
77 782
77 782
77 782
77 782
77 782
77 782
77 782
77 782
77 782
77 782
77 782
77 782
77 782
77 782
77 782
77 782
77 782
77 782
77 782
77 782
77 782
77 782
77 782
77 781
77 781
77 782
77 782
77 782
77 782
77 782
77 782
77 782
77 782
77 782
77 782
77 782
77 782
77 782
77 782
77 782
77 782
75 80
75 80
75 80
75 80
75 80
75 80
75 80
75 80
75 80
75 80
75 80
75 80
75 80
75 80
75 80
75 80
75 80
75 80
75 80
75 80
75 80
75 80
75 80
75 80
75 80
75 80
75 80
75 80
75 80
75 80
75 80
75 80
75 80
75 80
75 80
75 80
75 80
75 80
75 80
75 80
75 80
75 80
75 80
75 80
75 80
75 80
75 80
75 80
75 80
75 80
75 80
75 80
75 80
75 80
75 80
75 80
75 80
75 80
75 80
75 80
75 80
75 80
75 80
75 80
75 79
75 79
75 79
75 79
75 79
75 79
75 79
75 79
75 79
75 79
75 79
75 79
75 79
75 80
75 80
75 80
75 80
75 80
75 80
75 80
75 80
75 80
75 80
75 80
75 80
75 80
75 80
75 80
75 80
75 80
75 80
75 80
75 80
75 80
75 80
75 80
33 382
33 382
33 382
33 382
33 382
33 382
33 382
33 382
33 382
33 382
33 382
33 382
33 382
33 382
33 382
33 382
33 382
33 382
33 382
33 382
33 382
33 382
33 382
33 382
33 382
33 382
33 382
33 382
33 382
33 382
33 382
33 382
33 382
33 382
33 382
33 382
33 382
33 382
33 382
33 382
33 382
33 383
33 383
33 383
33 383
33 383
33 383
33 384
33 384
33 384
33 384
33 384
33 384
33 384
33 384
33 384
33 384
33 384
33 384
33 384
33 384
33 384
33 384
33 384
33 384
33 384
33 384
33 384
33 384
33 385
33 385
33 385
33 385
33 385
33 385
33 385
33 385
33 385
33 385
33 385
33 385
33 385
33 384
33 384
33 384
33 384
33 384
33 384
33 384
33 384
33 384
33 384
33 385
33 385
33 385
33 385
33 385
33 385
33 385
33 385
24 573
24 573
24 573
24 573
24 573
24 573
24 573
24 573
24 573
24 573
24 573
24 573
24 573
24 573
24 573
24 573
24 573
24 573
24 573
24 573
24 572
24 572
24 572
24 572
24 572
24 571
24 571
24 571
24 571
24 571
24 571
24 571
24 571
24 571
24 571
24 571
24 571
24 571
24 571
24 571
24 571
24 571
24 571
24 571
24 570
24 571
24 571
24 570
24 570
24 570
24 570
24 573
24 573
24 573
24 573
24 573
24 573
24 573
24 573
24 573
24 573
24 573
24 573
24 573
24 573
24 573
24 573
24 573
24 573
24 573
24 573
24 573
24 573
24 573
24 573
24 573
24 573
24 573
24 573
24 573
24 573
24 573
24 573
24 573
24 573
24 573
24 573
24 573
24 573
24 573
24 573
24 573
24 573
24 573
24 573
24 573
24 573
24 573
24 573
24 573
27 67
27 68
27 68
27 68
27 68
27 68
27 68
27 68
27 68
27 68
27 68
27 68
27 68
27 68
27 68
27 68
27 68
27 68
27 68
27 68
27 68
27 68
27 68
27 68
27 68
27 68
27 68
27 68
27 68
27 68
27 68
27 68
27 68
27 67
27 67
27 67
27 67
27 67
27 67
27 67
27 67
27 67
27 67
27 67
27 67
27 67
27 67
27 67
27 67
27 67
27 67
27 67
27 67
27 67
27 67
27 67
27 67
27 67
27 67
27 67
27 67
27 67
27 67
27 66
27 66
27 66
27 66
27 66
27 66
27 66
27 67
27 67
27 67
27 67
27 67
27 67
27 67
27 67
27 67
27 67
27 67
27 67
27 68
27 68
27 68
27 68
27 68
27 68
27 68
27 68
27 68
27 68
27 68
27 68
27 68
27 67
27 67
27 67
27 67
27 67
97 923
97 923
97 923
97 923
97 923
97 923
97 923
97 922
97 922
97 922
97 923
97 923
97 923
97 923
97 923
97 923
97 923
97 923
97 923
97 923
97 923
97 923
97 923
97 922
97 922
97 922
97 922
97 922
97 922
97 922
97 922
97 922
97 922
97 922
97 922
97 922
97 922
97 922
97 922
97 922
97 922
97 922
97 922
97 921
97 921
97 921
97 921
97 921
97 921
97 921
97 921
97 921
97 921
97 921
97 921
97 921
97 921
97 921
97 921
97 921
97 921
97 921
97 921
97 921
97 921
97 921
97 921
97 921
97 921
97 921
97 921
97 921
97 921
97 921
97 921
97 921
97 921
97 921
97 921
97 921
97 921
97 921
97 921
97 921
97 921
97 921
97 921
97 921
97 921
97 921
97 921
97 921
97 921
97 921
97 921
97 921
97 921
97 921
97 921
97 921
24 573
24 573
24 573
24 573
24 573
24 573
24 573
24 573
24 573
24 573
24 573
24 573
24 573
24 573
24 573
24 573
24 573
24 573
24 573
24 573
24 573
24 573
24 573
24 574
24 574
24 574
24 574
24 574
24 574
24 574
24 574
24 574
24 574
24 574
24 574
24 574
24 574
24 574
24 574
24 574
24 574
24 574
24 574
24 574
24 574
24 574
24 574
24 574
24 574
24 574
24 574
24 574
24 574
24 574
24 574
24 574
24 574
24 574
24 574
24 574
24 574
24 574
24 574
24 574
24 574
24 574
24 574
24 574
24 574
24 574
24 574
24 574
24 574
24 574
24 574
24 574
24 574
24 574
24 574
24 574
24 574
24 574
24 574
24 574
24 574
24 574
24 574
24 574
24 574
24 574
24 574
24 574
24 574
24 574
24 574
24 574
24 574
24 574
24 574
24 574
56 264
56 264
56 264
56 264
56 264
56 264
56 264
56 264
56 264
56 264
56 264
56 264
56 264
56 264
56 264
56 264
56 264
56 265
56 265
56 265
56 265
56 265
56 265
56 265
56 265
56 265
56 265
56 265
56 265
56 265
56 265
56 265
56 265
56 265
56 266
56 266
56 266
56 266
56 266
56 266
56 266
56 266
56 266
56 266
56 266
56 266
56 266
56 265
56 265
56 265
56 265
56 265
56 265
56 264
56 264
56 264
56 264
56 263
56 263
56 262
56 262
56 262
56 262
56 262
56 262
56 262
56 262
56 263
56 262
56 262
56 262
56 262
56 262
56 262
56 262
56 262
56 262
56 262
56 262
56 262
56 262
56 262
56 262
56 262
56 262
56 262
56 262
56 262
56 262
56 262
56 262
56 262
56 262
56 262
56 263
56 263
56 263
56 263
56 263
56 263
18 43
18 43
18 43
18 43
18 43
18 43
18 43
18 43
18 43
18 43
18 43
18 43
18 43
18 43
18 43
18 43
18 43
18 43
18 43
18 43
18 43
18 43
18 43
18 43
18 43
18 43
18 43
18 43
18 43
18 43
18 43
18 43
18 43
18 43
18 43
18 43
18 43
18 43
18 43
18 43
18 43
18 43
18 43
18 43
18 43
18 43
18 43
18 43
18 43
18 43
18 43
18 43
18 42
18 41
18 41
18 41
18 41
18 41
18 41
18 41
18 41
18 41
18 41
18 41
18 41
18 41
18 41
18 41
18 41
18 41
18 41
18 41
18 41
18 41
18 41
18 41
18 41
18 41
18 41
18 42
18 43
18 43
18 42
18 42
18 42
18 42
18 42
18 42
18 42
18 42
18 42
18 42
18 42
18 42
18 42
18 42
18 42
18 42
18 42
18 42
33 385
33 385
33 385
33 385
33 385
33 385
33 385
33 385
33 385
33 385
33 385
33 385
33 385
33 385
33 385
33 385
33 385
33 384
33 384
33 384
33 384
33 384
33 384
33 384
33 384
33 384
33 384
33 384
33 384
33 384
33 384
33 384
33 384
33 384
33 384
33 384
33 384
33 384
33 384
33 384
33 384
33 384
33 384
33 384
33 384
33 384
33 384
33 384
33 384
33 384
33 384
33 384
33 384
33 384
33 384
33 384
33 384
33 383
33 383
33 384
33 384
33 384
33 384
33 384
33 384
33 384
33 384
33 384
33 384
33 384
33 384
33 384
33 384
33 384
33 385
33 385
33 385
33 385
33 385
33 385
33 385
33 385
33 385
33 385
33 385
33 385
33 385
33 385
33 385
33 385
33 384
33 384
33 384
33 384
33 385
33 385
33 385
33 385
33 385
33 385
38 336
38 336
38 336
38 336
38 336
38 336
38 336
38 336
38 336
38 336
38 336
38 336
38 335
38 335
38 335
38 335
38 335
38 335
38 335
38 335
38 336
38 336
38 336
38 336
38 336
38 336
38 336
38 336
38 336
38 336
38 336
38 336
38 336
38 336
38 336
38 336
38 336
38 336
38 336
38 336
38 336
38 336
38 336
38 552
38 552
38 552
38 552
38 552
38 552
38 552
38 552
38 552
38 552
38 552
38 552
38 552
38 552
38 552
38 552
38 552
38 552
38 552
38 552
38 552
38 552
38 552
38 551
38 551
38 551
38 551
38 551
38 551
38 551
38 551
38 551
38 551
38 551
38 551
38 551
38 551
38 551
38 551
38 551
38 551
38 551
38 551
38 551
38 551
38 551
38 551
38 551
38 551
38 551
38 551
38 551
38 551
38 551
38 551
38 551
38 551
63 913
63 913
63 913
63 913
63 913
63 913
63 913
63 913
63 913
63 913
63 913
63 913
63 913
63 913
63 913
63 913
63 913
63 913
63 913
63 913
63 913
63 913
63 913
63 913
63 913
63 913
63 913
63 913
63 913
63 913
63 913
63 913
63 913
63 913
63 913
63 913
63 913
63 913
63 913
63 913
63 913
63 913
63 913
63 913
63 913
63 913
63 913
63 913
63 913
63 913
63 913
63 913
63 913
63 913
63 913
63 913
63 913
63 913
63 913
63 913
63 913
63 912
63 912
63 912
63 912
63 912
63 912
63 912
63 912
63 912
63 912
63 912
63 912
63 912
63 912
63 912
63 912
63 912
63 912
63 912
63 912
63 912
63 912
63 911
63 911
63 911
63 911
63 911
63 911
63 911
63 910
63 910
63 910
63 910
63 910
63 910
63 910
63 910
63 910
63 910
72 302
72 303
72 303
72 303
72 303
72 303
72 303
72 303
72 303
72 303
72 303
72 303
72 303
72 303
72 303
72 303
72 303
72 303
72 303
72 303
72 303
72 303
72 303
72 299
72 299
72 299
72 299
72 299
72 299
72 298
72 298
72 298
72 298
72 298
72 298
72 298
72 298
72 298
72 298
72 298
72 298
72 298
72 298
72 298
72 298
72 298
72 298
72 298
72 298
72 298
72 298
72 298
72 298
72 298
72 298
72 298
72 298
72 298
72 298
72 298
72 298
72 298
72 298
72 298
72 298
72 298
72 298
72 298
72 298
72 298
72 298
72 297
72 297
72 297
72 297
72 297
72 297
72 297
72 297
72 297
72 297
72 297
72 297
72 297
72 297
72 297
72 297
72 297
72 297
72 297
72 297
72 297
72 297
72 297
72 297
72 297
72 297
72 297
72 297
72 296
28 311
28 311
28 311
28 311
28 311
28 311
28 311
28 311
28 311
28 311
28 311
28 311
28 311
28 311
28 311
28 311
28 311
28 311
28 311
28 310
28 310
28 310
28 310
28 310
28 310
28 310
28 310
28 310
28 310
28 310
28 311
28 311
28 311
28 311
28 311
28 311
28 311
28 311
28 312
28 312
28 312
28 313
28 313
28 313
28 313
28 313
28 313
28 313
28 313
28 313
28 313
28 313
28 313
28 313
28 313
28 313
28 313
28 313
28 313
28 313
28 313
28 313
28 313
28 313
28 313
28 313
28 313
28 313
28 313
28 313
28 313
28 313
28 313
28 313
28 313
28 313
28 313
28 313
28 313
28 313
28 313
28 313
28 313
28 313
28 313
28 313
28 312
28 312
28 312
28 313
28 313
28 313
28 313
28 313
28 313
28 313
28 313
28 313
28 313
28 313
84 873
84 873
84 873
84 873
84 873
84 873
84 873
84 873
84 873
84 873
84 873
84 873
84 873
84 873
84 873
84 873
84 873
84 873
84 873
84 873
84 873
84 873
84 873
84 873
84 873
84 873
84 873
84 873
84 873
84 873
84 873
84 873
84 873
84 873
84 873
84 872
84 872
84 872
84 872
84 872
84 872
84 872
84 872
84 872
84 872
84 872
84 872
84 872
84 872
84 872
84 871
84 871
84 871
84 870
84 870
84 870
84 870
84 870
84 870
84 870
84 870
84 870
84 869
84 869
84 869
84 869
84 869
84 869
84 869
84 869
84 869
84 869
84 869
84 869
84 869
84 869
84 869
84 869
84 869
84 869
84 869
84 869
84 869
84 869
84 870
84 870
84 870
84 870
84 870
84 870
84 870
84 870
84 870
84 869
84 870
84 870
84 870
84 871
84 871
84 871
21 277
21 277
21 277
21 277
21 277
21 277
21 277
21 277
21 277
21 277
21 277
21 277
21 277
21 277
21 277
21 277
21 277
21 277
21 277
21 277
21 277
21 277
21 277
21 277
21 277
21 277
21 277
21 277
21 277
21 277
21 277
21 277
21 277
21 277
21 277
21 277
21 277
21 277
21 277
21 277
21 277
21 277
21 277
21 277
21 277
21 277
21 277
21 277
21 277
21 277
21 277
21 277
21 277
21 277
21 277
21 277
21 277
21 277
21 277
21 277
21 277
21 277
21 277
21 277
21 277
21 277
21 277
21 277
21 277
21 277
21 277
21 277
21 277
21 277
21 277
21 277
21 277
21 277
21 277
21 277
21 277
21 277
21 277
21 277
21 277
21 277
21 277
21 277
21 277
21 277
21 277
21 277
21 277
21 277
21 277
21 277
21 276
21 275
21 275
21 275
18 42
18 42
18 42
18 42
18 42
18 42
18 42
18 43
18 43
18 43
18 43
18 43
18 43
18 43
18 44
18 44
18 44
18 44
18 44
18 44
18 44
18 44
18 44
18 44
18 44
18 44
18 44
18 44
18 44
18 44
18 44
18 44
18 43
18 43
18 43
18 43
18 43
18 43
18 43
18 43
18 43
18 43
18 43
18 43
18 43
18 43
18 43
18 43
18 43
18 43
18 43
18 43
18 43
18 43
18 43
18 43
18 43
18 43
18 43
18 43
18 44
18 44
18 44
18 44
18 44
18 45
18 45
18 45
18 45
18 45
18 45
18 45
18 45
18 45
18 45
18 45
18 45
18 45
18 45
18 45
18 45
18 45
18 45
18 45
18 45
18 45
18 45
18 45
18 45
18 45
18 45
18 45
18 45
18 45
18 45
18 45
18 45
18 45
18 45
18 45
86 410
86 410
86 410
86 410
86 410
86 410
86 410
86 410
86 410
86 410
86 410
86 410
86 410
86 410
86 410
86 410
86 410
86 410
86 411
86 411
86 411
86 411
86 411
86 411
86 411
86 411
86 411
86 411
86 411
86 411
86 411
86 411
86 411
86 411
86 411
86 411
86 411
86 411
86 411
86 411
86 411
86 411
86 411
86 411
86 411
86 411
86 411
86 411
86 411
86 411
86 411
86 411
86 411
86 411
86 411
86 411
86 411
86 411
86 410
86 410
86 410
86 410
86 410
86 410
86 410
86 410
86 410
86 410
86 410
86 410
86 410
86 410
86 410
86 410
86 410
86 410
86 410
86 410
86 410
86 410
86 410
86 410
86 410
86 410
86 409
86 408
86 408
86 408
86 408
86 408
86 408
86 408
86 408
86 408
86 408
86 408
86 408
86 408
86 408
86 408
91 615
91 615
91 615
91 615
91 615
91 615
91 615
91 615
91 615
91 615
91 616
91 616
91 616
91 616
91 616
91 616
91 616
91 616
91 616
91 616
91 616
91 616
91 616
91 616
91 616
91 616
91 616
91 616
91 616
91 616
91 616
91 616
91 616
91 616
91 616
91 615
91 615
91 615
91 615
91 615
91 615
91 615
91 615
91 615
91 615
91 615
91 615
91 615
91 615
91 616
91 616
91 616
91 616
91 616
91 616
91 616
91 616
91 616
91 616
91 616
91 616
91 616
91 616
91 616
91 616
91 616
91 616
91 615
91 615
91 615
91 615
91 615
91 615
91 615
91 615
91 615
91 615
91 615
91 615
91 615
91 614
91 614
91 614
91 614
91 614
91 614
91 614
91 614
91 614
91 614
91 614
91 614
91 614
91 614
91 614
91 614
91 614
91 614
91 614
91 614
36 685
36 684
36 684
36 684
36 684
36 684
36 684
36 683
36 683
36 683
36 683
36 683
36 683
36 683
36 683
36 683
36 683
36 683
36 684
36 684
36 684
36 684
36 684
36 685
36 685
36 685
36 685
36 685
36 685
36 685
36 685
36 685
36 685
36 685
36 685
36 685
36 685
36 685
36 685
36 686
36 686
36 686
36 687
36 687
36 687
36 687
36 687
36 687
36 687
36 688
36 688
36 688
36 688
36 688
36 688
36 688
36 688
36 688
36 688
36 688
36 688
36 688
36 688
36 688
36 688
36 688
36 688
36 688
36 688
36 688
36 688
36 688
36 688
36 688
36 688
36 688
36 688
36 688
36 688
36 688
36 688
36 688
36 688
36 688
36 688
36 688
36 688
36 688
36 688
36 687
36 687
36 687
36 687
36 687
36 687
36 687
36 687
36 687
36 687
36 687
22 527
22 527
22 527
22 527
22 527
22 527
22 527
22 527
22 527
22 527
22 527
22 527
22 527
22 527
22 527
22 527
22 527
22 527
22 527
22 527
22 527
22 527
22 527
22 527
22 527
22 527
22 527
22 527
22 527
22 527
22 527
22 527
22 527
22 527
22 527
22 527
22 527
22 527
22 527
22 527
22 527
22 527
22 527
22 527
22 527
22 527
22 527
22 527
22 527
22 527
22 526
22 526
22 526
22 526
22 526
22 526
22 526
22 526
22 526
22 526
22 526
22 526
22 526
22 526
22 526
22 526
22 526
22 526
22 526
22 526
22 526
22 526
22 526
22 526
22 526
22 526
22 526
22 525
22 524
22 524
22 524
22 524
22 524
22 524
22 524
22 524
22 524
22 524
22 524
22 524
22 524
22 524
22 524
22 524
22 524
22 524
22 524
22 524
22 524
22 525
6 117
6 117
6 117
6 117
6 117
6 117
6 117
6 117
6 117
6 117
6 117
6 117
6 117
6 117
6 117
6 117
6 117
6 117
6 117
6 117
6 117
6 117
6 117
6 117
6 117
6 117
6 117
6 117
6 117
6 117
6 117
6 117
6 117
6 117
6 117
6 117
6 117
6 117
6 117
6 117
6 117
6 117
6 117
6 117
6 117
6 117
6 117
6 117
6 117
6 117
6 117
6 117
6 116
6 116
6 116
6 116
6 116
6 116
6 116
6 116
6 116
6 116
6 116
6 116
6 116
6 116
6 116
6 116
6 117
6 117
6 117
6 117
6 117
6 117
6 117
6 116
6 116
6 116
6 116
6 116
6 116
6 116
6 116
6 116
6 116
6 116
6 116
6 116
6 116
6 116
6 116
6 116
6 116
6 116
6 116
6 116
6 116
6 116
6 116
6 116
29 109
29 109
29 109
29 109
29 109
29 109
29 109
29 109
29 109
29 109
29 109
29 109
29 109
29 109
29 109
29 109
29 109
29 109
29 109
29 109
29 109
29 109
29 109
29 109
29 109
29 109
29 109
29 109
29 109
29 109
29 109
29 109
29 109
29 109
29 109
29 109
29 109
29 109
29 108
29 108
29 108
29 108
29 108
29 109
29 109
29 109
29 109
29 109
29 109
29 109
29 109
29 109
29 109
29 109
29 109
29 109
29 109
29 109
29 109
29 109
29 109
29 109
29 109
29 109
29 109
29 109
29 109
29 109
29 109
29 109
29 109
29 109
29 109
29 109
29 109
29 109
29 109
29 109
29 109
29 109
29 109
29 109
29 109
29 109
29 109
29 109
29 109
29 109
29 109
29 109
29 109
29 109
29 109
29 109
29 109
29 109
29 109
29 109
29 109
29 109
35 538
35 538
35 538
35 538
35 538
35 538
35 538
35 538
35 538
35 538
35 538
35 538
35 538
35 538
35 538
35 538
35 538
35 538
35 538
35 538
35 538
35 538
35 538
35 538
35 538
35 538
35 538
35 538
35 538
35 538
35 538
35 538
35 538
35 538
35 538
35 538
35 538
35 538
35 538
35 538
35 538
35 538
35 538
35 538
35 538
35 538
35 538
35 538
35 538
35 538
35 538
35 538
35 538
35 538
35 538
35 538
35 538
35 538
35 538
35 538
35 538
35 538
35 538
35 538
35 538
35 538
35 538
35 538
35 538
35 538
35 538
35 538
35 538
35 538
35 538
35 538
35 538
35 538
35 538
35 538
35 538
35 538
35 538
35 538
35 538
35 538
35 538
35 538
35 538
35 538
35 538
35 538
35 538
35 538
35 538
35 538
35 538
35 538
35 538
35 538
24 574
24 574
24 574
24 574
24 574
24 574
24 574
24 574
24 574
24 574
24 574
24 575
24 575
24 575
24 575
24 575
24 575
24 575
24 575
24 575
24 575
24 575
24 575
24 574
24 574
24 574
24 574
24 574
24 574
24 574
24 574
24 574
24 574
24 574
24 574
24 574
24 574
24 574
24 574
24 574
24 574
24 574
24 574
24 574
24 574
24 574
24 574
24 574
24 574
24 574
24 574
24 574
24 574
24 574
24 574
24 574
24 574
24 574
24 574
24 574
24 574
24 574
24 574
24 574
24 574
24 574
24 574
24 574
24 574
24 574
24 574
24 574
24 574
24 574
24 574
24 574
24 574
24 574
24 574
24 574
24 574
24 574
24 574
24 574
24 574
24 574
24 574
24 574
24 574
24 574
24 574
24 574
24 574
24 574
24 574
24 574
24 574
24 573
24 573
24 573
72 296
72 296
72 296
72 295
72 295
72 295
72 295
72 295
72 295
72 295
72 295
72 295
72 295
72 295
72 295
72 295
72 295
72 295
72 295
72 295
72 295
72 295
72 295
72 295
72 295
72 295
72 295
72 295
72 295
72 295
72 295
72 216
72 216
72 216
72 216
72 216
72 216
72 216
72 216
72 216
72 215
72 215
72 215
72 215
72 215
72 215
72 215
72 215
72 215
72 215
72 215
72 215
72 215
72 215
72 215
72 215
72 215
72 214
72 214
72 214
72 214
72 214
72 214
72 214
72 214
72 214
72 214
72 214
72 214
72 214
72 214
72 214
72 214
72 214
72 214
72 214
72 214
72 214
72 214
72 214
72 214
72 214
72 214
72 214
72 214
72 214
72 214
72 214
72 214
72 214
72 214
72 214
72 214
72 213
72 213
72 213
72 213
72 213
72 213
72 213
95 330
95 330
95 330
95 330
95 329
95 329
95 330
95 330
95 330
95 330
95 330
95 330
95 330
95 330
95 330
95 330
95 330
95 330
95 330
95 330
95 330
95 330
95 330
95 330
95 330
95 330
95 330
95 330
95 330
95 330
95 330
95 330
95 330
95 330
95 330
95 330
95 330
95 330
95 330
95 330
95 330
95 330
95 330
95 330
95 330
95 330
95 331
95 331
95 331
95 331
95 331
95 331
95 331
95 331
95 331
95 332
95 332
95 332
95 331
95 331
95 331
95 331
95 331
95 331
95 331
95 331
95 331
95 331
95 331
95 331
95 331
95 331
95 331
95 331
95 331
95 331
95 331
95 331
95 331
95 331
95 332
95 332
95 333
95 333
95 333
95 333
95 333
95 333
95 333
95 333
95 333
95 333
95 333
95 333
95 333
95 333
95 333
95 333
95 333
95 333
36 687
36 687
36 687
36 687
36 687
36 687
36 687
36 687
36 687
36 687
36 687
36 687
36 687
36 687
36 687
36 687
36 687
36 687
36 687
36 687
36 687
36 687
36 687
36 687
36 687
36 687
36 687
36 688
36 688
36 688
36 688
36 689
36 689
36 689
36 689
36 689
36 689
36 689
36 689
36 689
36 689
36 689
36 689
36 689
36 689
36 689
36 689
36 689
36 689
36 688
36 688
36 688
36 688
36 687
36 687
36 687
36 687
36 687
36 687
36 687
36 687
36 687
36 687
36 687
36 687
36 687
36 688
36 688
36 688
36 688
36 688
36 688
36 688
36 688
36 688
36 688
36 688
36 688
36 688
36 688
36 688
36 688
36 688
36 688
36 688
36 688
36 688
36 688
36 687
36 687
36 687
36 687
36 687
36 687
36 687
36 687
36 687
36 687
36 687
36 687
19 677
19 677
19 677
19 677
19 677
19 677
19 677
19 677
19 677
19 677
19 677
19 677
19 677
19 677
19 677
19 677
19 677
19 677
19 677
19 677
19 677
19 678
19 678
19 678
19 679
19 679
19 679
19 679
19 679
19 679
19 679
19 679
19 679
19 679
19 679
19 678
19 678
19 678
19 678
19 678
19 678
19 678
19 678
19 678
19 678
19 678
19 678
19 678
19 678
19 678
19 678
19 678
19 678
19 678
19 678
19 678
19 678
19 678
19 678
19 678
19 678
19 678
19 678
19 678
19 678
19 678
19 678
19 678
19 678
19 678
19 678
19 678
19 678
19 678
19 678
19 678
19 678
19 678
19 678
19 678
19 678
19 678
19 678
19 678
19 678
19 678
19 678
19 678
19 678
19 678
19 678
19 678
19 678
19 678
19 678
19 678
19 678
19 678
19 678
19 678
46 207
46 207
46 207
46 207
46 207
46 207
46 208
46 208
46 208
46 208
46 208
46 208
46 208
46 208
46 208
46 208
46 207
46 207
46 207
46 207
46 207
46 207
46 207
46 207
46 207
46 207
46 207
46 207
46 207
46 207
46 207
46 207
46 207
46 207
46 207
46 207
46 207
46 206
46 206
46 206
46 206
46 206
46 206
46 206
46 206
46 206
46 206
46 206
46 206
46 206
46 206
46 206
46 206
46 206
46 206
46 206
46 206
46 206
46 206
46 206
46 206
46 206
46 206
46 206
46 206
46 206
46 206
46 206
46 206
46 206
46 206
46 206
46 206
46 206
46 206
46 206
46 206
46 206
46 206
46 206
46 207
46 207
46 207
46 207
46 207
46 207
46 207
46 207
46 207
46 207
46 207
46 207
46 207
46 206
46 206
46 206
46 206
46 206
46 206
46 206
2 970
2 970
2 970
2 970
2 970
2 970
2 971
2 970
2 970
2 969
2 969
2 969
2 969
2 969
2 969
2 969
2 969
2 969
2 969
2 969
2 969
2 969
2 969
2 969
2 969
2 969
2 969
2 969
2 969
2 969
2 969
2 969
2 969
2 969
2 968
2 968
2 968
2 968
2 969
2 969
2 969
2 969
2 969
2 969
2 969
2 969
2 969
2 969
2 969
2 969
2 969
2 969
2 969
2 969
2 970
2 970
2 970
2 970
2 970
2 970
2 970
2 970
2 970
2 970
2 970
2 970
2 970
2 970
2 970
2 970
2 970
2 969
2 968
2 968
2 968
2 968
2 968
2 968
2 967
2 967
2 967
2 967
2 967
2 967
2 967
2 967
2 967
2 967
2 967
2 967
2 967
2 967
2 967
2 967
2 967
2 967
2 967
2 967
2 967
2 967