39 961
39 961
39 961
39 961
39 961
39 961
39 961
39 961
39 961
39 961
39 961
39 961
39 961
39 961
39 961
39 961
39 961
39 961
39 961
39 961
39 961
39 961
39 960
39 959
39 959
39 959
39 959
39 959
39 959
39 959
39 959
39 959
39 959
39 959
39 959
39 959
39 959
39 959
39 958
39 958
39 958
39 958
39 958
39 958
39 958
39 958
39 958
39 958
39 958
39 958
39 958
39 958
39 958
39 958
39 958
39 958
39 958
39 957
39 957
39 957
39 957
39 957
39 957
39 957
39 957
39 957
39 957
39 957
39 957
39 957
39 957
39 957
39 957
39 957
39 957
39 957
39 957
39 957
39 957
39 957
39 957
39 957
39 957
39 957
39 957
39 956
39 956
39 956
39 956
39 956
39 956
39 956
39 956
39 956
39 955
39 955
39 955
39 955
39 955
39 955
3 996
3 996
3 996
3 996
3 996
3 996
3 996
3 996
3 996
3 996
3 996
3 996
3 996
3 996
3 996
3 996
3 996
3 996
3 997
3 997
3 997
3 997
3 998
3 998
3 998
3 998
3 998
3 998
3 998
3 997
3 997
3 997
3 997
3 997
3 997
3 997
3 997
3 997
3 997
3 997
3 997
3 997
3 997
3 997
3 997
3 997
3 997
3 997
3 997
3 997
3 997
3 997
3 997
3 997
3 997
3 996
3 997
3 997
3 997
3 997
3 997
3 997
3 997
3 998
3 998
3 998
3 998
3 998
3 998
3 998
3 998
3 998
3 999
3 999
3 999
3 999
3 999
3 999
3 999
3 999
3 999
3 999
3 999
3 999
3 999
3 999
3 999
3 999
3 999
3 999
3 999
3 999
3 999
3 999
3 999
3 999
3 999
3 999
3 999
3 999
20 586
20 586
20 586
20 586
20 586
20 586
20 586
20 586
20 586
20 586
20 586
20 586
20 586
20 586
20 586
20 586
20 586
20 586
20 586
20 586
20 586
20 586
20 586
20 586
20 586
20 586
20 586
20 586
20 586
20 586
20 586
20 586
20 586
20 586
20 586
20 586
20 586
20 586
20 586
20 586
20 586
20 586
20 586
20 586
20 586
20 586
20 586
20 586
20 586
20 586
20 586
20 586
20 586
20 586
20 586
20 586
20 586
20 586
20 586
20 586
20 586
20 586
20 586
20 586
20 586
20 586
20 586
20 586
20 586
20 586
20 586
20 586
20 586
20 586
20 586
20 586
20 586
20 586
20 586
20 586
20 586
20 586
20 586
20 586
20 586
20 586
20 586
20 586
20 586
20 586
20 586
20 586
20 586
20 586
20 586
20 586
20 586
20 586
20 586
20 587
37 976
37 976
37 976
37 976
37 976
37 976
37 977
37 977
37 977
37 977
37 977
37 977
37 977
37 977
37 977
37 977
37 977
37 977
37 977
37 977
37 977
37 977
37 977
37 977
37 977
37 977
37 977
37 977
37 977
37 977
37 977
37 977
37 977
37 977
37 977
37 977
37 977
37 977
37 977
37 977
37 977
37 977
37 977
37 977
37 977
37 977
37 978
37 978
37 978
37 978
37 978
37 978
37 978
37 978
37 978
37 978
37 978
37 978
37 978
37 978
37 978
37 978
37 978
37 978
37 978
37 978
37 978
37 978
37 978
37 978
37 978
37 978
37 978
37 978
37 978
37 978
37 978
37 978
37 978
37 978
37 978
37 978
37 978
37 978
37 978
37 978
37 978
37 978
37 978
37 978
37 978
37 978
37 978
37 977
37 978
37 978
37 977
37 978
37 978
37 978
17 731
17 731
17 731
17 731
17 731
17 731
17 731
17 731
17 731
17 731
17 732
17 732
17 732
17 731
17 731
17 731
17 731
17 731
17 731
17 731
17 731
17 731
17 731
17 731
17 731
17 730
17 730
17 730
17 730
17 730
17 730
17 730
17 730
17 730
17 731
17 731
17 731
17 731
17 731
17 731
17 731
17 731
17 731
17 731
17 731
17 731
17 731
17 731
17 731
17 731
17 731
17 731
17 731
17 731
17 731
17 731
17 731
17 731
17 731
17 731
17 731
17 731
17 731
17 731
17 731
17 731
17 731
17 731
17 731
17 731
17 731
17 731
17 731
17 732
17 732
17 732
17 732
17 732
17 732
17 732
17 732
17 732
17 732
17 732
17 732
17 732
17 732
17 732
17 732
17 732
17 732
17 732
17 732
17 732
17 732
17 732
17 732
17 732
17 732
17 732
34 240
34 240
34 240
34 240
34 240
34 240
34 240
34 240
34 241
34 241
34 241
34 241
34 241
34 241
34 241
34 242
34 242
34 242
34 242
34 242
34 242
34 242
34 242
34 240
34 240
34 240
34 240
34 240
34 240
34 240
34 240
34 240
34 240
34 240
34 240
34 240
34 240
34 240
34 240
34 240
34 240
34 240
34 240
34 240
34 240
34 240
34 240
34 240
34 240
34 240
34 240
34 240
34 240
34 240
34 240
34 240
34 240
34 240
34 240
34 240
34 240
34 240
34 240
34 240
34 240
34 240
34 241
34 241
34 241
34 241
34 241
34 241
34 241
34 241
34 241
34 241
34 241
34 241
34 241
34 241
34 241
34 241
34 241
34 242
34 242
34 242
34 242
34 242
34 241
34 241
34 241
34 241
34 241
34 241
34 241
34 241
34 241
34 241
34 241
34 241
14 715
14 715
14 715
14 715
14 715
14 715
14 714
14 714
14 714
14 714
14 714
14 714
14 714
14 714
14 714
14 714
14 714
14 714
14 714
14 714
14 714
14 714
14 714
14 713
14 713
14 713
14 713
14 713
14 713
14 713
14 713
14 713
14 713
14 713
14 713
14 713
14 713
14 713
14 713
14 713
14 713
14 713
14 713
14 713
14 713
14 713
14 713
14 713
14 713
14 713
14 713
14 713
14 713
14 713
14 713
14 713
14 713
14 713
14 713
14 713
14 713
14 713
14 713
14 713
14 713
14 713
14 713
14 712
14 712
14 712
14 712
14 712
14 712
14 712
14 712
14 712
14 712
14 712
14 712
14 712
14 712
14 712
14 712
14 712
14 712
14 712
14 712
14 712
14 712
14 712
14 712
14 712
14 712
14 712
14 712
14 712
14 712
14 712
14 712
14 712
5 699
5 699
5 699
5 699
5 699
5 699
5 699
5 699
5 699
5 699
5 699
5 699
5 699
5 699
5 699
5 699
5 698
5 698
5 698
5 698
5 698
5 698
5 698
5 699
5 699
5 699
5 699
5 699
5 699
5 699
5 699
5 699
5 699
5 699
5 699
5 699
5 699
5 699
5 699
5 699
5 699
5 699
5 699
5 699
5 699
5 699
5 699
5 699
5 700
5 700
5 700
5 700
5 700
5 700
5 700
5 700
5 699
5 699
5 699
5 699
5 699
5 699
5 699
5 699
5 699
5 699
5 699
5 699
5 699
5 699
5 699
5 699
5 699
5 699
5 699
5 699
5 699
5 699
5 699
5 699
5 699
5 699
5 700
5 700
5 699
5 699
5 699
5 699
5 699
5 699
5 699
5 699
5 699
5 699
5 698
5 698
5 698
5 698
5 698
5 698
22 527
22 527
22 527
22 527
22 527
22 527
22 527
22 527
22 527
22 527
22 527
22 527
22 527
22 527
22 527
22 527
22 527
22 527
22 527
22 527
22 527
22 527
22 527
22 527
22 527
22 527
22 527
22 527
22 527
22 527
22 527
22 527
22 527
22 527
22 527
22 527
22 527
22 527
22 527
22 527
22 527
22 527
22 527
22 527
22 527
22 527
22 527
22 527
22 527
22 527
22 526
22 526
22 526
22 526
22 526
22 526
22 526
22 526
22 526
22 526
22 526
22 526
22 526
22 526
22 526
22 526
22 526
22 526
22 526
22 526
22 526
22 526
22 526
22 526
22 526
22 526
22 526
22 525
22 524
22 524
22 524
22 524
22 524
22 524
22 524
22 524
22 524
22 524
22 524
22 524
22 524
22 524
22 524
22 524
22 524
22 524
22 524
22 524
22 524
22 525
2 973
2 973
2 973
2 973
2 973
2 973
2 973
2 973
2 973
2 973
2 973
2 973
2 973
2 973
2 973
2 973
2 973
2 973
2 973
2 973
2 973
2 973
2 973
2 973
2 973
2 973
2 973
2 973
2 973
2 973
2 973
2 973
2 973
2 973
2 973
2 973
2 973
2 973
2 973
2 973
2 973
2 973
2 973
2 973
2 973
2 973
2 973
2 973
2 973
2 973
2 973
2 973
2 973
2 973
2 973
2 973
2 973
2 973
2 973
2 973
2 972
2 971
2 971
2 971
2 971
2 971
2 971
2 971
2 971
2 971
2 971
2 971
2 971
2 971
2 971
2 971
2 971
2 971
2 971
2 971
2 972
2 972
2 972
2 972
2 972
2 972
2 972
2 972
2 972
2 972
2 972
2 972
2 972
2 972
2 972
2 972
2 972
2 972
2 972
2 972
39 955
39 955
39 955
39 954
39 954
39 954
39 954
39 954
39 954
39 954
39 954
39 954
39 954
39 954
39 954
39 954
39 954
39 954
39 954
39 954
39 954
39 954
39 954
39 954
39 954
39 954
39 954
39 954
39 954
39 954
39 954
39 954
39 954
39 954
39 954
39 954
39 954
39 954
39 954
39 954
39 954
39 954
39 954
39 954
39 954
39 954
39 954
39 954
39 954
39 954
39 953
39 953
39 954
39 954
39 954
39 954
39 954
39 954
39 954
39 954
39 954
39 954
39 954
39 954
39 954
39 954
39 954
39 954
39 954
39 954
39 954
39 954
39 954
39 953
39 953
39 953
39 953
39 953
39 953
39 953
39 953
39 953
39 953
39 953
39 953
39 953
39 953
39 953
39 953
39 953
39 953
39 953
39 953
39 953
39 953
39 953
39 953
39 953
39 953
39 953
28 306
28 306
28 306
28 306
28 306
28 306
28 306
28 306
28 306
28 306
28 306
28 306
28 306
28 307
28 307
28 307
28 308
28 308
28 308
28 308
28 308
28 308
28 308
28 309
28 309
28 309
28 309
28 309
28 309
28 309
28 309
28 309
28 309
28 309
28 309
28 309
28 309
28 309
28 309
28 309
28 309
28 309
28 309
28 309
28 309
28 309
28 309
28 309
28 309
28 309
28 310
28 310
28 310
28 310
28 310
28 310
28 310
28 310
28 310
28 310
28 310
28 310
28 310
28 310
28 310
28 310
28 310
28 310
28 310
28 310
28 310
28 310
28 311
28 311
28 311
28 311
28 311
28 311
28 311
28 311
28 311
28 311
28 311
28 311
28 311
28 311
28 311
28 311
28 311
28 311
28 311
28 311
28 311
28 311
28 311
28 311
28 311
28 311
28 311
28 311
44 716
44 716
44 716
44 716
44 716
44 716
44 716
44 716
44 716
44 716
44 716
44 716
44 716
44 715
44 715
44 714
44 714
44 714
44 714
44 714
44 714
44 714
44 714
44 714
44 714
44 714
44 714
44 714
44 714
44 714
44 715
44 715
44 715
44 714
44 714
44 714
44 714
44 714
44 714
44 714
44 714
44 714
44 714
44 714
44 714
44 714
44 713
44 713
44 713
44 713
44 713
44 713
44 713
44 713
44 714
44 714
44 714
44 714
44 714
44 714
44 714
44 714
44 714
44 713
44 712
44 712
44 712
44 712
44 712
44 712
44 712
44 712
44 712
44 712
44 712
44 712
44 712
44 712
44 712
44 712
44 712
44 712
44 712
44 712
44 712
44 712
44 712
44 712
44 712
44 712
44 712
44 712
44 712
44 712
44 712
44 712
44 712
44 712
44 712
44 712
5 698
5 698
5 698
5 698
5 698
5 698
5 698
5 698
5 698
5 698
5 698
5 698
5 698
5 698
5 698
5 698
5 698
5 698
5 698
5 698
5 698
5 698
5 698
5 698
5 698
5 698
5 698
5 698
5 698
5 699
5 698
5 698
5 698
5 698
5 698
5 698
5 698
5 698
5 698
5 698
5 698
5 698
5 698
5 698
5 698
5 698
5 698
5 698
5 698
5 698
5 698
5 698
5 698
5 698
5 698
5 698
5 698
5 698
5 698
5 698
5 698
5 698
5 698
5 698
5 698
5 698
5 698
5 698
5 698
5 698
5 698
5 698
5 698
5 698
5 698
5 698
5 698
5 697
5 697
5 697
5 697
5 696
5 696
5 696
5 696
5 696
5 696
5 696
5 696
5 696
5 696
5 696
5 696
5 696
5 696
5 696
5 696
5 696
5 696
5 695
35 538
35 538
35 538
35 538
35 538
35 538
35 538
35 538
35 538
35 538
35 538
35 538
35 538
35 538
35 538
35 538
35 538
35 538
35 538
35 538
35 538
35 538
35 538
35 538
35 538
35 538
35 538
35 538
35 538
35 538
35 538
35 538
35 538
35 538
35 538
35 538
35 538
35 538
35 538
35 538
35 538
35 538
35 538
35 538
35 538
35 538
35 538
35 538
35 538
35 538
35 538
35 538
35 538
35 538
35 538
35 538
35 538
35 538
35 538
35 538
35 538
35 538
35 538
35 538
35 538
35 538
35 538
35 538
35 538
35 538
35 538
35 538
35 538
35 538
35 538
35 538
35 538
35 538
35 538
35 538
35 538
35 538
35 538
35 538
35 538
35 538
35 538
35 538
35 538
35 538
35 538
35 538
35 538
35 538
35 538
35 538
35 538
35 538
35 538
35 538
20 587
20 587
20 587
20 587
20 587
20 587
20 588
20 588
20 588
20 588
20 588
20 588
20 588
20 588
20 588
20 588
20 588
20 588
20 588
20 588
20 588
20 588
20 588
20 588
20 588
20 588
20 588
20 588
20 588
20 588
20 588
20 588
20 588
20 588
20 588
20 588
20 588
20 588
20 587
20 586
20 586
20 586
20 586
20 586
20 586
20 586
20 586
20 586
20 586
20 586
20 586
20 586
20 586
20 586
20 586
20 586
20 586
20 586
20 586
20 586
20 586
20 586
20 586
20 585
20 585
20 585
20 585
20 585
20 585
20 585
20 585
20 585
20 585
20 585
20 585
20 585
20 585
20 585
20 585
20 585
20 585
20 585
20 585
20 585
20 585
20 585
20 585
20 585
20 585
20 585
20 585
20 585
20 585
20 585
20 585
20 585
20 585
20 585
20 585
20 585
27 66
27 66
27 66
27 66
27 66
27 66
27 66
27 66
27 66
27 66
27 66
27 66
27 66
27 66
27 66
27 66
27 66
27 66
27 66
27 66
27 66
27 66
27 66
27 66
27 66
27 66
27 66
27 66
27 66
27 66
27 66
27 66
27 66
27 66
27 66
27 66
27 66
27 66
27 66
27 66
27 66
27 67
27 67
27 67
27 67
27 67
27 67
27 67
27 67
27 67
27 67
27 67
27 67
27 67
27 67
27 67
27 67
27 67
27 67
27 67
27 67
27 67
27 67
27 67
27 67
27 67
27 67
27 67
27 67
27 67
27 67
27 67
27 67
27 67
27 67
27 67
27 67
27 67
27 67
27 67
27 67
27 67
27 67
27 67
27 67
27 67
27 67
27 67
27 67
27 67
27 67
27 67
27 67
27 67
27 67
27 67
27 67
27 67
27 67
27 67
26 780
26 780
26 780
26 780
26 779
26 779
26 779
26 779
26 779
26 779
26 779
26 779
26 779
26 779
26 779
26 779
26 779
26 779
26 778
26 778
26 778
26 778
26 778
26 778
26 778
26 778
26 778
26 778
26 778
26 778
26 778
26 777
26 777
26 776
26 776
26 776
26 776
26 776
26 776
26 776
26 776
26 776
26 776
26 776
26 776
26 776
26 776
26 776
26 776
26 776
26 776
26 776
26 776
26 776
26 776
26 776
26 776
26 776
26 776
26 776
26 776
26 776
26 776
26 776
26 776
26 775
26 775
26 775
26 774
26 774
26 773
26 773
26 773
26 773
26 773
26 773
26 773
26 773
26 773
26 773
26 773
26 773
26 773
26 773
26 773
26 773
26 773
26 773
26 773
26 773
26 773
26 773
26 773
26 773
26 773
26 773
26 773
26 773
26 773
26 773
41 455
41 455
41 455
41 455
41 455
41 456
41 457
41 457
41 456
41 456
41 456
41 456
41 456
41 456
41 456
41 456
41 456
41 456
41 456
41 456
41 456
41 456
41 456
41 456
41 456
41 456
41 456
41 456
41 456
41 456
41 456
41 456
41 456
41 456
41 456
41 456
41 456
41 456
41 456
41 456
41 456
41 456
41 456
41 457
41 457
41 457
41 457
41 457
41 457
41 457
41 457
41 457
41 457
41 457
41 457
41 457
41 457
41 457
41 457
41 457
41 457
41 457
41 457
41 457
41 457
41 457
41 457
41 457
41 457
41 457
41 457
41 457
41 457
41 457
41 457
41 457
41 457
41 457
41 457
41 457
41 457
41 457
41 457
41 457
41 457
41 457
41 457
41 457
41 457
41 457
41 457
41 457
41 457
41 457
41 457
41 457
41 457
41 457
41 457
41 457
11 471
11 471
11 471
11 471
11 471
11 471
11 471
11 471
11 471
11 471
11 471
11 471
11 472
11 472
11 472
11 472
11 472
11 472
11 472
11 472
11 472
11 472
11 472
11 472
11 472
11 472
11 472
11 472
11 472
11 473
11 473
11 473
11 473
11 473
11 473
11 473
11 473
11 473
11 473
11 473
11 473
11 473
11 473
11 473
11 473
11 473
11 473
11 473
11 473
11 473
11 473
11 473
11 473
11 473
11 473
11 473
11 473
11 473
11 473
11 473
11 473
11 473
11 473
11 473
11 473
11 473
11 473
11 473
11 473
11 473
11 473
11 473
11 473
11 473
11 473
11 473
11 472
11 472
11 472
11 472
11 472
11 472
11 472
11 472
11 472
11 472
11 472
11 472
11 472
11 472
11 472
11 472
11 472
11 472
11 472
11 472
11 472
11 472
11 472
11 472
29 111
29 111
29 111
29 111
29 111
29 111
29 111
29 111
29 111
29 111
29 111
29 111
29 111
29 111
29 111
29 111
29 111
29 110
29 110
29 110
29 110
29 110
29 110
29 110
29 110
29 110
29 110
29 110
29 110
29 110
29 110
29 110
29 110
29 110
29 110
29 110
29 110
29 110
29 110
29 110
29 110
29 110
29 110
29 110
29 110
29 110
29 110
29 110
29 110
29 110
29 110
29 110
29 110
29 110
29 110
29 110
29 110
29 110
29 111
29 111
29 111
29 111
29 111
29 111
29 111
29 111
29 111
29 110
29 110
29 110
29 110
29 109
29 109
29 109
29 109
29 109
29 109
29 109
29 109
29 109
29 109
29 110
29 110
29 110
29 109
29 109
29 109
29 109
29 109
29 109
29 109
29 109
29 109
29 109
29 109
29 109
29 109
29 109
29 109
29 109
9 343
9 343
9 343
9 343
9 343
9 343
9 343
9 343
9 343
9 343
9 343
9 343
9 343
9 343
9 343
9 343
9 343
9 343
9 343
9 343
9 343
9 343
9 343
9 343
9 343
9 343
9 343
9 343
9 343
9 343
9 343
9 343
9 342
9 342
9 342
9 342
9 342
9 342
9 342
9 342
9 342
9 342
9 342
9 342
9 342
9 342
9 342
9 342
9 342
9 342
9 342
9 342
9 342
9 342
9 342
9 342
9 342
9 342
9 342
9 342
9 342
9 342
9 342
9 342
9 342
9 342
9 342
9 342
9 342
9 342
9 342
9 342
9 342
9 342
9 342
9 342
9 342
9 342
9 342
9 342
9 342
9 342
9 342
9 342
9 342
9 342
9 342
9 342
9 342
9 343
9 344
9 344
9 344
9 344
9 344
9 344
9 344
9 344
9 344
9 344
13 496
13 496
13 496
13 496
13 496
13 496
13 496
13 496
13 496
13 496
13 496
13 496
13 496
13 496
13 495
13 495
13 494
13 494
13 494
13 494
13 494
13 494
13 494
13 494
13 494
13 494
13 494
13 494
13 494
13 494
13 494
13 494
13 494
13 494
13 494
13 494
13 494
13 494
13 495
13 494
13 494
13 494
13 494
13 494
13 494
13 494
13 494
13 494
13 494
13 494
13 494
13 494
13 494
13 494
13 494
13 493
13 493
13 493
13 493
13 493
13 493
13 493
13 493
13 493
13 493
13 493
13 493
13 493
13 493
13 493
13 493
13 493
13 493
13 493
13 493
13 493
13 493
13 493
13 493
13 493
13 493
13 493
13 493
13 493
13 493
13 493
13 493
13 492
13 492
13 492
13 492
13 492
13 492
13 492
13 492
13 492
13 492
13 492
13 492
13 492
27 67
27 68
27 68
27 68
27 68
27 68
27 68
27 68
27 68
27 68
27 68
27 68
27 68
27 68
27 68
27 68
27 68
27 68
27 68
27 68
27 68
27 68
27 68
27 68
27 68
27 68
27 68
27 68
27 68
27 68
27 68
27 68
27 68
27 67
27 67
27 67
27 67
27 67
27 67
27 67
27 67
27 67
27 67
27 67
27 67
27 67
27 67
27 67
27 67
27 67
27 67
27 67
27 67
27 67
27 67
27 67
27 67
27 67
27 67
27 67
27 67
27 67
27 67
27 66
27 66
27 66
27 66
27 66
27 66
27 66
27 67
27 67
27 67
27 67
27 67
27 67
27 67
27 67
27 67
27 67
27 67
27 67
27 68
27 68
27 68
27 68
27 68
27 68
27 68
27 68
27 68
27 68
27 68
27 68
27 68
27 67
27 67
27 67
27 67
27 67
6 117
6 117
6 117
6 117
6 117
6 117
6 117
6 117
6 117
6 117
6 117
6 117
6 117
6 117
6 117
6 117
6 117
6 117
6 117
6 117
6 117
6 117
6 117
6 117
6 117
6 117
6 117
6 117
6 117
6 117
6 117
6 117
6 117
6 117
6 117
6 117
6 117
6 117
6 117
6 117
6 117
6 117
6 117
6 117
6 117
6 117
6 117
6 117
6 117
6 117
6 117
6 117
6 116
6 116
6 116
6 116
6 116
6 116
6 116
6 116
6 116
6 116
6 116
6 116
6 116
6 116
6 116
6 116
6 117
6 117
6 117
6 117
6 117
6 117
6 117
6 116
6 116
6 116
6 116
6 116
6 116
6 116
6 116
6 116
6 116
6 116
6 116
6 116
6 116
6 116
6 116
6 116
6 116
6 116
6 116
6 116
6 116
6 116
6 116
6 116
0 985
0 985
0 985
0 985
0 985
0 985
0 985
0 985
0 985
0 985
0 985
0 985
0 985
0 985
0 985
0 985
0 985
0 985
0 985
0 985
0 985
0 985
0 985
0 985
0 985
0 985
0 985
0 985
0 985
0 985
0 985
0 985
0 985
0 985
0 985
0 985
0 985
0 985
0 985
0 985
0 985
0 985
0 985
0 985
0 985
0 985
0 985
0 985
0 985
0 985
0 985
0 985
0 985
0 985
0 985
0 985
0 985
0 985
0 985
0 985
0 985
0 985
0 985
0 985
0 985
0 985
0 985
0 985
0 985
0 985
0 985
0 985
0 985
0 985
0 985
0 985
0 985
0 985
0 985
0 985
0 985
0 985
0 985
0 985
0 985
0 985
0 984
0 984
0 984
0 983
0 983
0 983
0 983
0 983
0 983
0 983
0 983
0 983
0 983
0 983
29 109
29 109
29 109
29 109
29 109
29 109
29 109
29 109
29 109
29 109
29 109
29 109
29 109
29 109
29 109
29 109
29 109
29 109
29 109
29 109
29 109
29 109
29 109
29 109
29 109
29 109
29 109
29 109
29 109
29 109
29 109
29 109
29 109
29 109
29 109
29 109
29 109
29 109
29 108
29 108
29 108
29 108
29 108
29 109
29 109
29 109
29 109
29 109
29 109
29 109
29 109
29 109
29 109
29 109
29 109
29 109
29 109
29 109
29 109
29 109
29 109
29 109
29 109
29 109
29 109
29 109
29 109
29 109
29 109
29 109
29 109
29 109
29 109
29 109
29 109
29 109
29 109
29 109
29 109
29 109
29 109
29 109
29 109
29 109
29 109
29 109
29 109
29 109
29 109
29 109
29 109
29 109
29 109
29 109
29 109
29 109
29 109
29 109
29 109
29 109
35 538
35 538
35 538
35 538
35 538
35 538
35 538
35 538
35 538
35 538
35 538
35 538
35 538
35 538
35 538
35 538
35 538
35 538
35 538
35 538
35 538
35 539
35 539
35 539
35 539
35 539
35 539
35 539
35 539
35 539
35 539
35 539
35 539
35 539
35 539
35 539
35 539
35 539
35 538
35 538
35 538
35 538
35 538
35 538
35 538
35 538
35 538
35 538
35 538
35 538
35 538
35 538
35 538
35 538
35 538
35 538
35 538
35 538
35 538
35 538
35 538
35 538
35 538
35 538
35 538
35 538
35 538
35 538
35 538
35 538
35 538
35 538
35 538
35 538
35 538
35 538
35 538
35 538
35 538
35 538
35 538
35 538
35 538
35 538
35 538
35 538
35 538
35 538
35 538
35 538
35 538
35 538
35 538
35 538
35 538
35 538
35 538
35 538
35 538
35 538
30 732
30 733
30 733
30 733
30 733
30 733
30 733
30 733
30 734
30 734
30 734
30 734
30 734
30 734
30 734
30 734
30 734
30 734
30 734
30 734
30 734
30 734
30 734
30 734
30 734
30 734
30 734
30 734
30 734
30 734
30 735
30 735
30 735
30 735
30 734
30 734
30 734
30 734
30 734
30 734
30 734
30 734
30 734
30 734
30 734
30 734
30 734
30 734
30 734
30 734
30 732
30 732
30 732
30 732
30 732
30 732
30 732
30 732
30 732
30 732
30 732
30 732
30 732
30 732
30 732
30 732
30 732
30 733
30 733
30 733
30 733
30 733
30 733
30 733
30 733
30 733
30 733
30 733
30 733
30 734
30 734
30 734
30 734
30 734
30 734
30 734
30 734
30 734
30 734
30 734
30 734
30 734
30 734
30 734
30 734
30 734
30 734
30 734
30 734
30 734
32 474
32 474
32 474
32 474
32 474
32 474
32 474
32 474
32 474
32 474
32 474
32 474
32 474
32 474
32 474
32 474
32 474
32 474
32 474
32 474
32 474
32 474
32 474
32 474
32 474
32 474
32 474
32 474
32 474
32 474
32 475
32 475
32 475
32 475
32 475
32 475
32 475
32 475
32 475
32 475
32 475
32 475
32 475
32 475
32 475
32 475
32 475
32 476
32 476
32 476
32 476
32 476
32 476
32 476
32 476
32 476
32 476
32 476
32 476
32 476
32 476
32 476
32 476
32 476
32 476
32 476
32 476
32 476
32 476
32 476
32 475
32 475
32 475
32 475
32 475
32 475
32 475
32 475
32 475
32 475
32 475
32 475
32 475
32 475
32 475
32 475
32 475
32 475
32 475
32 475
32 475
32 475
32 475
32 475
32 475
32 475
32 475
32 475
32 475
32 475
13 492
13 492
13 492
13 492
13 492
13 492
13 493
13 493
13 493
13 493
13 493
13 493
13 493
13 493
13 493
13 492
13 492
13 492
13 492
13 492
13 492
13 492
13 492
13 492
13 492
13 492
13 492
13 492
13 492
13 492
13 492
13 492
13 492
13 491
13 491
13 491
13 491
13 491
13 491
13 491
13 491
13 491
13 491
13 491
13 491
13 491
13 491
13 491
13 491
13 491
13 490
13 490
13 490
13 490
13 490
13 490
13 490
13 490
13 490
13 491
13 491
13 491
13 491
13 492
13 492
13 492
13 492
13 492
13 492
13 492
13 492
13 492
13 492
13 492
13 492
13 492
13 492
13 492
13 492
13 492
13 492
13 492
13 492
13 492
13 492
13 492
13 492
13 492
13 492
13 492
13 492
13 492
13 492
13 492
13 492
13 492
13 492
13 492
13 492
13 492
22 525
22 525
22 525
22 525
22 525
22 525
22 525
22 525
22 525
22 525
22 525
22 525
22 525
22 525
22 525
22 525
22 524
22 524
22 524
22 524
22 524
22 524
22 524
22 524
22 524
22 524
22 524
22 524
22 524
22 523
22 524
22 524
22 524
22 524
22 524
22 524
22 524
22 524
22 524
22 524
22 524
22 524
22 524
22 524
22 524
22 524
22 524
22 524
22 524
22 524
22 524
22 524
22 524
22 524
22 524
22 524
22 524
22 524
22 524
22 524
22 524
22 524
22 524
22 524
22 524
22 524
22 524
22 524
22 524
22 524
22 524
22 524
22 524
22 524
22 524
22 524
22 524
22 525
22 525
22 525
22 525
22 525
22 525
22 525
22 525
22 525
22 525
22 525
22 524
22 524
22 524
22 524
22 524
22 523
22 523
22 523
22 523
22 523
22 523
22 523
35 538
35 538
35 538
35 538
35 537
35 537
35 537
35 537
35 537
35 537
35 537
35 537
35 537
35 537
35 537
35 537
35 537
35 537
35 537
35 537
35 537
35 537
35 537
35 537
35 538
35 538
35 538
35 538
35 538
35 538
35 538
35 538
35 539
35 539
35 539
35 539
35 539
35 539
35 539
35 539
35 539
35 539
35 539
35 539
35 539
35 539
35 539
35 539
35 539
35 539
35 539
35 539
35 539
35 539
35 539
35 539
35 539
35 539
35 539
35 539
35 539
35 538
35 538
35 537
35 537
35 537
35 538
35 538
35 538
35 538
35 538
35 538
35 538
35 538
35 538
35 538
35 538
35 538
35 538
35 538
35 538
35 538
35 538
35 538
35 538
35 538
35 538
35 538
35 538
35 538
35 538
35 538
35 538
35 538
35 538
35 538
35 538
35 538
35 538
35 538
35 538
35 538
35 538
35 538
35 538
35 538
35 538
35 538
35 538
35 538
35 538
35 538
35 538
35 538
35 538
35 538
35 538
35 538
35 538
35 538
35 538
35 538
35 538
35 538
35 537
35 537
35 537
35 537
35 537
35 537
35 537
35 537
35 537
35 537
35 537
35 537
35 537
35 537
35 536
35 536
35 537
35 537
35 537
35 537
35 537
35 537
35 537
35 537
35 537
35 537
35 537
35 537
35 537
35 537
35 537
35 537
35 537
35 537
35 537
35 537
35 537
35 537
35 537
35 537
35 537
35 537
35 537
35 537
35 537
35 537
35 537
35 537
35 537
35 537
35 537
35 537
35 537
35 537
35 537
35 537
35 537
35 537
35 537
35 537
35 537
35 537
35 537
35 537
35 537
35 537
35 537
35 537
35 537
35 537
35 537
35 538
35 538
35 538
35 538
35 538
9 344
9 344
9 344
9 344
9 344
9 344
9 344
9 344
9 344
9 343
9 343
9 343
9 343
9 343
9 342
9 342
9 342
9 343
9 343
9 343
9 343
9 343
9 343
9 343
9 343
9 343
9 343
9 343
9 343
9 343
9 343
9 343
9 343
9 343
9 343
9 343
9 343
9 343
9 343
9 343
9 343
9 343
9 343
9 343
9 343
9 343
9 343
9 343
9 343
9 343
9 343
9 343
9 343
9 343
9 343
9 343
9 343
9 343
9 343
9 343
9 343
9 343
9 343
9 343
9 343
9 343
9 343
9 343
9 343
9 342
9 342
9 342
9 342
9 342
9 342
9 342
9 342
9 342
9 342
9 342
9 342
9 342
9 342
9 342
9 342
9 342
9 342
9 342
9 342
9 342
9 342
9 342
9 343
9 343
9 343
9 343
9 343
9 343
9 343
9 344
2 972
2 972
2 972
2 972
2 972
2 972
2 972
2 972
2 971
2 971
2 971
2 971
2 971
2 971
2 971
2 971
2 971
2 971
2 971
2 971
2 971
2 971
2 971
2 971
2 971
2 971
2 971
2 972
2 972
2 972
2 972
2 973
2 973
2 973
2 973
2 973
2 973
2 973
2 973
2 973
2 973
2 973
2 973
2 973
2 973
2 973
2 973
2 973
2 973
2 973
2 973
2 973
2 973
2 973
2 973
2 973
2 973
2 973
2 973
2 973
2 973
2 973
2 972
2 972
2 972
2 972
2 972
2 972
2 971
2 971
2 971
2 971
2 971
2 971
2 971
2 971
2 971
2 971
2 971
2 971
2 970
2 970
2 970
2 970
2 970
2 970
2 970
2 970
2 970
2 970
2 970
2 970
2 970
2 970
2 970
2 970
2 970
2 970
2 970
2 970
22 523
22 523
22 523
22 524
22 524
22 524
22 524
22 524
22 524
22 524
22 524
22 524
22 524
22 524
22 524
22 524
22 524
22 524
22 524
22 524
22 524
22 524
22 525
22 526
22 526
22 526
22 526
22 526
22 527
22 527
22 527
22 527
22 527
22 527
22 527
22 527
22 527
22 527
22 528
22 528
22 528
22 528
22 527
22 527
22 527
22 527
22 527
22 526
22 525
22 524
22 524
22 524
22 524
22 524
22 524
22 524
22 524
22 524
22 524
22 524
22 524
22 524
22 524
22 524
22 524
22 524
22 524
22 524
22 524
22 524
22 524
22 524
22 524
22 523
22 523
22 523
22 523
22 523
22 523
22 523
22 523
22 523
22 523
22 523
22 523
22 523
22 523
22 523
22 523
22 524
22 524
22 524
22 524
22 524
22 524
22 524
22 524
22 524
22 524
22 524
24 573
24 573
24 573
24 573
24 573
24 573
24 573
24 573
24 573
24 573
24 573
24 573
24 573
24 573
24 573
24 573
24 573
24 573
24 573
24 573
24 573
24 573
24 573
24 573
24 573
24 573
24 573
24 573
24 573
24 573
24 573
24 573
24 573
24 573
24 573
24 573
24 573
24 573
24 573
24 573
24 573
24 573
24 573
24 573
24 573
24 573
24 573
24 573
24 573
24 573
24 573
24 573
24 573
24 573
24 573
24 573
24 573
24 573
24 573
24 573
24 573
24 573
24 573
24 573
24 573
24 573
24 573
24 573
24 573
24 573
24 573
24 573
24 573
24 573
24 573
24 573
24 573
24 573
24 573
24 573
24 573
24 573
24 573
24 573
24 573
24 573
24 573
24 573
24 573
24 573
24 573
24 573
24 573
24 573
24 573
24 573
24 573
24 573
24 573
24 573
9 344
9 344
9 344
9 344
9 344
9 344
9 344
9 344
9 344
9 344
9 344
9 344
9 344
9 344
9 344
9 344
9 344
9 344
9 344
9 344
9 344
9 344
9 344
9 344
9 344
9 344
9 344
9 344
9 344
9 344
9 344
9 344
9 344
9 344
9 344
9 344
9 344
9 344
9 344
9 344
9 344
9 344
9 344
9 344
9 344
9 345
9 345
9 345
9 345
9 345
9 345
9 345
9 345
9 345
9 345
9 345
9 345
9 345
9 345
9 345
9 345
9 345
9 345
9 345
9 344
9 344
9 344
9 344
9 343
9 343
9 343
9 343
9 343
9 343
9 343
9 343
9 343
9 343
9 344
9 344
9 344
9 344
9 344
9 344
9 344
9 344
9 344
9 344
9 344
9 344
9 344
9 344
9 344
9 344
9 344
9 344
9 344
9 344
9 344
9 344
44 712
44 712
44 712
44 712
44 712
44 712
44 712
44 712
44 712
44 712
44 712
44 712
44 712
44 712
44 712
44 712
44 712
44 712
44 712
44 712
44 712
44 712
44 712
44 712
44 712
44 712
44 712
44 712
44 712
44 712
44 712
44 711
44 711
44 711
44 711
44 711
44 711
44 711
44 711
44 712
44 712
44 712
44 711
44 711
44 711
44 711
44 711
44 711
44 711
44 711
44 711
44 711
44 711
44 711
44 711
44 711
44 711
44 711
44 711
44 711
44 711
44 711
44 711
44 711
44 711
44 711
44 711
44 711
44 711
44 711
44 711
44 711
44 711
44 711
44 711
44 711
44 711
44 712
44 712
44 712
44 712
44 712
44 712
44 712
44 712
44 712
44 712
44 712
44 712
44 712
44 712
44 712
44 712
44 712
44 712
44 712
44 712
44 712
44 712
44 712
28 311
28 311
28 311
28 311
28 311
28 311
28 311
28 311
28 311
28 311
28 311
28 311
28 311
28 311
28 311
28 311
28 311
28 311
28 311
28 310
28 310
28 310
28 310
28 310
28 310
28 310
28 310
28 310
28 310
28 310
28 311
28 311
28 311
28 311
28 311
28 311
28 311
28 311
28 312
28 312
28 312
28 313
28 313
28 313
28 313
28 313
28 313
28 313
28 313
28 313
28 313
28 313
28 313
28 313
28 313
28 313
28 313
28 313
28 313
28 313
28 313
28 313
28 313
28 313
28 313
28 313
28 313
28 313
28 313
28 313
28 313
28 313
28 313
28 313
28 313
28 313
28 313
28 313
28 313
28 313
28 313
28 313
28 313
28 313
28 313
28 313
28 312
28 312
28 312
28 313
28 313
28 313
28 313
28 313
28 313
28 313
28 313
28 313
28 313
28 313
0 983
0 983
0 983
0 983
0 983
0 983
0 983
0 983
0 983
0 983
0 983
0 983
0 983
0 983
0 983
0 983
0 983
0 983
0 983
0 983
0 983
0 983
0 983
0 983
0 983
0 983
0 983
0 983
0 983
0 983
0 983
0 983
0 983
0 983
0 983
0 983
0 983
0 984
0 984
0 984
0 984
0 984
0 984
0 983
0 983
0 983
0 983
0 983
0 984
0 984
0 984
0 984
0 984
0 984
0 984
0 984
0 984
0 984
0 985
0 985
0 985
0 985
0 985
0 985
0 986
0 985
0 985
0 985
0 985
0 985
0 985
0 985
0 985
0 985
0 985
0 985
0 985
0 985
0 985
0 985
0 985
0 985
0 985
0 985
0 985
0 985
0 985
0 985
0 985
0 985
0 985
0 985
0 985
0 985
0 985
0 986
0 986
0 986
0 986
0 985
24 573
24 573
24 573
24 573
24 573
24 573
24 573
24 573
24 573
24 573
24 573
24 573
24 573
24 573
24 573
24 573
24 573
24 573
24 573
24 573
24 572
24 572
24 572
24 572
24 572
24 571
24 571
24 571
24 571
24 571
24 571
24 571
24 571
24 571
24 571
24 571
24 571
24 571
24 571
24 571
24 571
24 571
24 571
24 571
24 570
24 571
24 571
24 570
24 570
24 570
24 570
24 573
24 573
24 573
24 573
24 573
24 573
24 573
24 573
24 573
24 573
24 573
24 573
24 573
24 573
24 573
24 573
24 573
24 573
24 573
24 573
24 573
24 573
24 573
24 573
24 573
24 573
24 573
24 573
24 573
24 573
24 573
24 573
24 573
24 573
24 573
24 573
24 573
24 573
24 573
24 573
24 573
24 573
24 573
24 573
24 573
24 573
24 573
24 573
24 573
25 875
25 875
25 875
25 875
25 875
25 875
25 875
25 875
25 875
25 875
25 875
25 875
25 875
25 875
25 875
25 875
25 875
25 876
25 876
25 876
25 876
25 875
25 875
25 875
25 875
25 875
25 875
25 875
25 875
25 875
25 875
25 875
25 875
25 875
25 875
25 875
25 875
25 875
25 875
25 875
25 875
25 875
25 875
25 875
25 875
25 875
25 875
25 875
25 875
25 875
25 875
25 875
25 875
25 875
25 875
25 875
25 875
25 875
25 875
25 875
25 875
25 874
25 874
25 874
25 874
25 874
25 874
25 874
25 874
25 874
25 874
25 874
25 874
25 874
25 874
25 875
25 875
25 875
25 875
25 875
25 875
25 875
25 875
25 875
25 875
25 875
25 875
25 875
25 875
25 875
25 875
25 875
25 875
25 875
25 875
25 875
25 875
25 875
25 875
25 876
7 745
7 745
7 745
7 745
7 745
7 745
7 745
7 745
7 745
7 745
7 745
7 745
7 745
7 745
7 745
7 745
7 745
7 745
7 745
7 745
7 745
7 745
7 745
7 745
7 745
7 745
7 745
7 745
7 745
7 745
7 745
7 744
7 744
7 745
7 745
7 745
7 745
7 745
7 745
7 745
7 745
7 745
7 745
7 745
7 745
7 745
7 745
7 745
7 745
7 745
7 745
7 745
7 745
7 745
7 745
7 745
7 745
7 745
7 745
7 745
7 745
7 745
7 745
7 745
7 745
7 745
7 745
7 745
7 745
7 745
7 745
7 745
7 745
7 745
7 745
7 745
7 745
7 745
7 745
7 745
7 745
7 745
7 745
7 745
7 745
7 745
7 746
7 746
7 746
7 746
7 746
7 746
7 746
7 746
7 746
7 746
7 746
7 746
7 746
7 746
11 472
11 472
11 471
11 472
11 472
11 472
11 472
11 472
11 472
11 472
11 472
11 472
11 472
11 472
11 472
11 472
11 472
11 472
11 472
11 472
11 472
11 472
11 472
11 472
11 472
11 472
11 472
11 472
11 472
11 471
11 471
11 471
11 471
11 471
11 471
11 471
11 471
11 472
11 472
11 472
11 472
11 472
11 472
11 472
11 472
11 471
11 471
11 471
11 471
11 471
11 471
11 471
11 471
11 471
11 471
11 471
11 471
11 471
11 471
11 471
11 471
11 471
11 471
11 471
11 471
11 471
11 471
11 471
11 471
11 471
11 471
11 470
11 470
11 470
11 470
11 470
11 470
11 470
11 470
11 470
11 469
11 469
11 469
11 469
11 469
11 469
11 469
11 469
11 469
11 469
11 469
11 469
11 469
11 469
11 469
11 469
11 469
11 469
11 469
11 469
45 410
45 410
45 410
45 410
45 410
45 410
45 410
45 410
45 410
45 410
45 410
45 410
45 410
45 410
45 410
45 410
45 410
45 410
45 410
45 410
45 410
45 410
45 410
45 410
45 411
45 410
45 410
45 410
45 410
45 410
45 410
45 410
45 410
45 410
45 410
45 410
45 410
45 410
45 410
45 410
45 410
45 410
45 410
45 410
45 410
45 410
45 410
45 410
45 410
45 410
45 410
45 410
45 410
45 410
45 410
45 410
45 410
45 410
45 410
45 410
45 410
45 410
45 410
45 410
45 410
45 410
45 410
45 410
45 410
45 410
45 410
45 410
45 410
45 410
45 410
45 410
45 410
45 410
45 410
45 410
45 410
45 410
45 410
45 410
45 410
45 410
45 410
45 410
45 410
45 410
45 409
45 409
45 409
45 409
45 409
45 409
45 409
45 409
45 409
45 409
36 685
36 684
36 684
36 684
36 684
36 684
36 684
36 683
36 683
36 683
36 683
36 683
36 683
36 683
36 683
36 683
36 683
36 683
36 684
36 684
36 684
36 684
36 684
36 685
36 685
36 685
36 685
36 685
36 685
36 685
36 685
36 685
36 685
36 685
36 685
36 685
36 685
36 685
36 685
36 686
36 686
36 686
36 687
36 687
36 687
36 687
36 687
36 687
36 687
36 688
36 688
36 688
36 688
36 688
36 688
36 688
36 688
36 688
36 688
36 688
36 688
36 688
36 688
36 688
36 688
36 688
36 688
36 688
36 688
36 688
36 688
36 688
36 688
36 688
36 688
36 688
36 688
36 688
36 688
36 688
36 688
36 688
36 688
36 688
36 688
36 688
36 688
36 688
36 688
36 687
36 687
36 687
36 687
36 687
36 687
36 687
36 687
36 687
36 687
36 687
38 335
38 334
38 334
38 334
38 334
38 334
38 334
38 334
38 334
38 334
38 334
38 334
38 335
38 335
38 335
38 335
38 335
38 335
38 335
38 335
38 335
38 335
38 335
38 335
38 335
38 335
38 335
38 335
38 335
38 335
38 335
38 335
38 335
38 336
38 336
38 336
38 336
38 336
38 336
38 336
38 337
38 337
38 337
38 337
38 337
38 337
38 337
38 337
38 337
38 337
38 337
38 337
38 337
38 337
38 337
38 337
38 337
38 337
38 337
38 337
38 337
38 337
38 337
38 337
38 337
38 337
38 337
38 337
38 337
38 337
38 337
38 336
38 336
38 336
38 336
38 336
38 336
38 336
38 336
38 336
38 336
38 336
38 336
38 336
38 336
38 336
38 336
38 336
38 336
38 336
38 336
38 336
38 336
38 336
38 336
38 336
38 336
38 336
38 336
38 336
36 687
36 687
36 687
36 687
36 687
36 687
36 687
36 687
36 687
36 687
36 687
36 687
36 687
36 687
36 687
36 687
36 687
36 687
36 687
36 687
36 687
36 687
36 687
36 687
36 687
36 687
36 687
36 688
36 688
36 688
36 688
36 689
36 689
36 689
36 689
36 689
36 689
36 689
36 689
36 689
36 689
36 689
36 689
36 689
36 689
36 689
36 689
36 689
36 689
36 688
36 688
36 688
36 688
36 687
36 687
36 687
36 687
36 687
36 687
36 687
36 687
36 687
36 687
36 687
36 687
36 687
36 688
36 688
36 688
36 688
36 688
36 688
36 688
36 688
36 688
36 688
36 688
36 688
36 688
36 688
36 688
36 688
36 688
36 688
36 688
36 688
36 688
36 688
36 687
36 687
36 687
36 687
36 687
36 687
36 687
36 687
36 687
36 687
36 687
36 687
49 880
49 880
49 880
49 880
49 880
49 880
49 880
49 880
49 880
49 881
49 881
49 881
49 881
49 881
49 881
49 881
49 881
49 881
49 881
49 881
49 881
49 881
49 881
49 881
49 881
49 881
49 881
49 881
49 881
49 881
49 881
49 881
49 880
49 880
49 880
49 880
49 880
49 880
49 880
49 880
49 880
49 880
49 880
49 880
49 880
49 881
49 881
49 881
49 881
49 881
49 881
49 881
49 881
49 881
49 881
49 881
49 881
49 881
49 881
49 881
49 881
49 881
49 881
49 881
49 881
49 881
49 881
49 881
49 881
49 881
49 881
49 881
49 881
49 881
49 881
49 881
49 881
49 882
49 882
49 882
49 883
49 883
49 883
49 883
49 883
49 883
49 883
49 883
49 883
49 883
49 883
49 883
49 883
49 883
49 883
49 884
49 884
49 885
49 885
49 885
19 677
19 677
19 677
19 677
19 677
19 677
19 677
19 677
19 677
19 677
19 677
19 677
19 677
19 677
19 677
19 677
19 677
19 677
19 677
19 677
19 677
19 678
19 678
19 678
19 679
19 679
19 679
19 679
19 679
19 679
19 679
19 679
19 679
19 679
19 679
19 678
19 678
19 678
19 678
19 678
19 678
19 678
19 678
19 678
19 678
19 678
19 678
19 678
19 678
19 678
19 678
19 678
19 678
19 678
19 678
19 678
19 678
19 678
19 678
19 678
19 678
19 678
19 678
19 678
19 678
19 678
19 678
19 678
19 678
19 678
19 678
19 678
19 678
19 678
19 678
19 678
19 678
19 678
19 678
19 678
19 678
19 678
19 678
19 678
19 678
19 678
19 678
19 678
19 678
19 678
19 678
19 678
19 678
19 678
19 678
19 678
19 678
19 678
19 678
19 678
47 974
47 974
47 974
47 974
47 974
47 974
47 974
47 974
47 974
47 974
47 974
47 974
47 974
47 974
47 973
47 973
47 973
47 973
47 973
47 973
47 973
47 973
47 973
47 973
47 973
47 973
47 973
47 973
47 973
47 973
47 973
47 973
47 973
47 973
47 973
47 973
47 973
47 973
47 973
47 973
47 973
47 973
47 973
47 973
47 973
47 973
47 973
47 973
47 973
47 973
47 973
47 973
47 974
47 974
47 974
47 974
47 974
47 974
47 974
47 974
47 974
47 974
47 974
47 974
47 974
47 974
47 974
47 974
47 974
47 974
47 974
47 974
47 974
47 974
47 974
47 974
47 974
47 974
47 974
47 975
47 975
47 975
47 975
47 975
47 975
47 975
47 975
47 975
47 976
47 976
47 976
47 976
47 976
47 976
47 976
47 976
47 976
47 976
47 976
47 976
12 33
12 33
12 33
12 33
12 33
12 33
12 33
12 33
12 33
12 33
12 33
12 33
12 33
12 33
12 33
12 33
12 33
12 33
12 33
12 33
12 33
12 33
12 33
12 33
12 33
12 33
12 33
12 33
12 33
12 33
12 33
12 33
12 33
12 33
12 33
12 33
12 33
12 32
12 32
12 32
12 32
12 32
12 32
12 32
12 32
12 32
12 32
12 32
12 32
12 32
12 32
12 32
12 32
12 32
12 32
12 32
12 32
12 32
12 32
12 32
12 32
12 32
12 32
12 32
12 32
12 32
12 32
12 32
12 32
12 32
12 32
12 32
12 32
12 32
12 32
12 32
12 32
12 32
12 32
12 32
12 32
12 32
12 32
12 32
12 32
12 31
12 31
12 31
12 31
12 31
12 31
12 33
12 34
12 34
12 34
12 34
12 34
12 34
12 34
12 34
49 885
49 885
49 885
49 885
49 885
49 885
49 885
49 885
49 885
49 885
49 885
49 885
49 885
49 885
49 885
49 885
49 885
49 885
49 885
49 885
49 885
49 885
49 885
49 885
49 885
49 884
49 884
49 884
49 884
49 884
49 884
49 884
49 884
49 884
49 884
49 884
49 884
49 884
49 883
49 883
49 883
49 882
49 882
49 882
49 882
49 882
49 882
49 882
49 882
49 882
49 882
49 882
49 882
49 882
49 882
49 882
49 882
49 882
49 882
49 882
49 882
49 882
49 882
49 882
49 882
49 882
49 882
49 882
49 882
49 882
49 882
49 882
49 882
49 882
49 882
49 883
49 883
49 883
49 883
49 883
49 883
49 883
49 883
49 883
49 883
49 883
49 883
49 883
49 883
49 883
49 883
49 883
49 883
49 883
49 884
49 884
49 884
49 884
49 884
49 884
4 443
4 443
4 443
4 443
4 443
4 443
4 443
4 443
4 443
4 443
4 443
4 444
4 444
4 444
4 444
4 445
4 445
4 445
4 445
4 445
4 445
4 445
4 445
4 445
4 445
4 445
4 445
4 445
4 445
4 445
4 445
4 445
4 445
4 445
4 445
4 445
4 445
4 445
4 445
4 445
4 445
4 445
4 445
4 445
4 445
4 445
4 445
4 445
4 445
4 445
4 445
4 445
4 445
4 445
4 445
4 445
4 445
4 445
4 445
4 445
4 445
4 444
4 444
4 444
4 444
4 444
4 444
4 444
4 444
4 444
4 444
4 444
4 444
4 445
4 445
4 446
4 445
4 445
4 445
4 445
4 445
4 445
4 445
4 445
4 445
4 445
4 445
4 445
4 445
4 445
4 445
4 445
4 445
4 445
4 445
4 445
4 445
4 445
4 445
4 445
15 348
15 348
15 348
15 348
15 348
15 348
15 348
15 348
15 348
15 348
15 348
15 348
15 348
15 348
15 348
15 348
15 348
15 348
15 348
15 349
15 349
15 349
15 349
15 349
15 349
15 349
15 349
15 349
15 349
15 349
15 349
15 349
15 349
15 349
15 349
15 349
15 349
15 349
15 349
15 349
15 349
15 349
15 349
15 349
15 349
15 349
15 349
15 349
15 349
15 349
15 349
15 349
15 349
15 349
15 349
15 349
15 349
15 349
15 349
15 349
15 349
15 349
15 349
15 349
15 349
15 349
15 348
15 348
15 348
15 348
15 348
15 349
15 349
15 349
15 349
15 349
15 349
15 348
15 348
15 348
15 348
15 348
15 348
15 348
15 348
15 348
15 348
15 348
15 348
15 348
15 348
15 348
15 348
15 349
15 350
15 350
15 350
15 350
15 350
15 350
28 313
28 313
28 313
28 314
28 314
28 314
28 314
28 314
28 314
28 314
28 314
28 314
28 314
28 314
28 314
28 314
28 314
28 314
28 314
28 314
28 314
28 314
28 314
28 313
28 313
28 313
28 312
28 312
28 312
28 311
28 311
28 311
28 311
28 312
28 312
28 312
28 312
28 312
28 312
28 312
28 312
28 311
28 311
28 311
28 311
28 311
28 311
28 311
28 311
28 311
28 311
28 311
28 311
28 310
28 310
28 310
28 310
28 310
28 310
28 310
28 310
28 310
28 310
28 310
28 310
28 310
28 310
28 310
28 310
28 310
28 310
28 310
28 310
28 310
28 310
28 310
28 310
28 310
28 310
28 310
28 310
28 310
28 310
28 310
28 310
28 310
28 310
28 310
28 310
28 310
28 310
28 310
28 310
28 310
28 310
28 310
28 310
28 310
28 310
28 310
41 457
41 457
41 457
41 457
41 457
41 457
41 457
41 457
41 457
41 457
41 457
41 457
41 457
41 457
41 457
41 457
41 457
41 457
41 457
41 457
41 457
41 457
41 457
41 457
41 457
41 457
41 457
41 457
41 457
41 457
41 457
41 457
41 457
41 458
41 458
41 458
41 458
41 458
41 458
41 458
41 458
41 458
41 458
41 458
41 458
41 458
41 458
41 458
41 458
41 458
41 458
41 458
41 458
41 458
41 458
41 458
41 458
41 458
41 458
41 458
41 458
41 458
41 458
41 458
41 458
41 458
41 458
41 458
41 458
41 458
41 458
41 458
41 458
41 458
41 458
41 458
41 458
41 458
41 458
41 458
41 458
41 458
41 458
41 458
41 458
41 458
41 458
41 457
41 457
41 457
41 457
41 457
41 457
41 457
41 457
41 457
41 457
41 457
41 457
41 457
45 409
45 408
45 408
45 408
45 408
45 408
45 408
45 408
45 408
45 408
45 408
45 409
45 409
45 409
45 409
45 409
45 409
45 409
45 409
45 408
45 408
45 408
45 408
45 408
45 408
45 408
45 408
45 408
45 407
45 407
45 407
45 407
45 407
45 407
45 407
45 407
45 407
45 407
45 407
45 407
45 407
45 407
45 407
45 407
45 407
45 407
45 407
45 407
45 406
45 406
45 406
45 406
45 406
45 406
45 406
45 406
45 406
45 406
45 406
45 406
45 406
45 406
45 406
45 406
45 406
45 406
45 405
45 405
45 405
45 405
45 405
45 405
45 404
45 404
45 404
45 404
45 404
45 404
45 404
45 404
45 404
45 404
45 404
45 404
45 404
45 403
45 403
45 403
45 403
45 403
45 403
45 403
45 403
45 403
45 403
45 403
45 403
45 403
45 402
45 402
10 618
10 618
10 618
10 618
10 618
10 618
10 618
10 618
10 617
10 617
10 617
10 617
10 618
10 618
10 618
10 618
10 618
10 618
10 618
10 618
10 618
10 618
10 618
10 618
10 618
10 618
10 618
10 618
10 618
10 618
10 618
10 618
10 618
10 618
10 618
10 618
10 618
10 618
10 618
10 618
10 618
10 618
10 617
10 617
10 617
10 617
10 617
10 617
10 617
10 617
10 617
10 617
10 617
10 617
10 617
10 617
10 617
10 617
10 617
10 617
10 617
10 617
10 616
10 616
10 616
10 616
10 616
10 616
10 616
10 616
10 616
10 616
10 616
10 616
10 616
10 616
10 616
10 616
10 616
10 616
10 616
10 616
10 616
10 616
10 616
10 616
10 616
10 616
10 616
10 617
10 617
10 617
10 617
10 617
10 617
10 617
10 617
10 617
10 617
10 617
7 746
7 746
7 746
7 746
7 746
7 746
7 746
7 746
7 746
7 746
7 746
7 746
7 746
7 746
7 746
7 747
7 747
7 747
7 748
7 748
7 748
7 748
7 748
7 748
7 748
7 748
7 748
7 748
7 748
7 748
7 748
7 748
7 748
7 748
7 748
7 748
7 748
7 748
7 748
7 748
7 748
7 748
7 748
7 748
7 749
7 749
7 749
7 749
7 749
7 749
7 749
7 748
7 748
7 748
7 748
7 748
7 748
7 748
7 748
7 748
7 748
7 748
7 748
7 748
7 748
7 748
7 748
7 748
7 748
7 749
7 749
7 749
7 749
7 749
7 749
7 749
7 749
7 749
7 749
7 749
7 750
7 750
7 750
7 750
7 750
7 750
7 750
7 750
7 750
7 750
7 750
7 750
7 750
7 750
7 750
7 749
7 749
7 749
7 749
7 749
17 732
17 732
17 732
17 732
17 732
17 732
17 732
17 732
17 732
17 732
17 733
17 733
17 733
17 733
17 733
17 733
17 733
17 733
17 733
17 733
17 733
17 733
17 732
17 732
17 732
17 732
17 732
17 732
17 732
17 732
17 732
17 732
17 732
17 732
17 732
17 732
17 732
17 732
17 732
17 732
17 732
17 732
17 732
17 732
17 732
17 732
17 732
17 732
17 732
17 732
17 732
17 732
17 732
17 732
17 732
17 732
17 732
17 732
17 732
17 732
17 732
17 732
17 732
17 732
17 732
17 731
17 731
17 731
17 731
17 731
17 731
17 731
17 731
17 731
17 731
17 731
17 731
17 731
17 731
17 731
17 731
17 731
17 731
17 731
17 731
17 731
17 731
17 731
17 731
17 731
17 731
17 731
17 731
17 731
17 731
17 731
17 731
17 731
17 731
17 731
47 976
47 976
47 976
47 976
47 976
47 977
47 977
47 977
47 977
47 977
47 977
47 977
47 977
47 978
47 978
47 978
47 978
47 978
47 978
47 978
47 978
47 978
47 978
47 978
47 978
47 978
47 978
47 978
47 978
47 978
47 978
47 978
47 978
47 978
47 978
47 978
47 978
47 978
47 978
47 978
47 978
47 978
47 978
47 978
47 978
47 978
47 978
47 978
47 978
47 978
47 978
47 978
47 978
47 977
47 977
47 977
47 977
47 977
47 976
47 976
47 976
47 976
47 976
47 976
47 976
47 976
47 976
47 976
47 976
47 976
47 976
47 976
47 976
47 977
47 977
47 977
47 977
47 977
47 977
47 977
47 977
47 977
47 977
47 977
47 977
47 977
47 977
47 977
47 977
47 977
47 977
47 977
47 977
47 977
47 977
47 978
47 978
47 978
47 978
47 978
44 712
44 712
44 712
44 712
44 712
44 712
44 712
44 712
44 712
44 712
44 712
44 712
44 712
44 712
44 712
44 712
44 712
44 712
44 712
44 712
44 712
44 712
44 712
44 712
44 711
44 711
44 711
44 711
44 711
44 711
44 711
44 711
44 711
44 711
44 711
44 711
44 711
44 711
44 711
44 711
44 711
44 711
44 711
44 711
44 711
44 711
44 711
44 711
44 711
44 711
44 711
44 711
44 711
44 711
44 711
44 711
44 711
44 711
44 711
44 711
44 711
44 711
44 711
44 711
44 711
44 711
44 711
44 711
44 711
44 711
44 711
44 711
44 711
44 711
44 710
44 710
44 710
44 710
44 710
44 710
44 710
44 710
44 710
44 710
44 710
44 710
44 710
44 710
44 710
44 710
44 710
44 710
44 710
44 950
44 950
44 950
44 950
44 950
44 950
44 950
29 110
29 110
29 110
29 110
29 110
29 110
29 110
29 110
29 110
29 110
29 110
29 110
29 110
29 110
29 110
29 110
29 110
29 110
29 110
29 110
29 110
29 110
29 110
29 110
29 110
29 110
29 110
29 110
29 110
29 110
29 110
29 110
29 110
29 110
29 110
29 111
29 111
29 111
29 111
29 111
29 111
29 111
29 111
29 111
29 111
29 111
29 111
29 112
29 112
29 112
29 112
29 112
29 112
29 112
29 112
29 112
29 111
29 111
29 112
29 111
29 111
29 111
29 111
29 111
29 111
29 111
29 111
29 111
29 111
29 111
29 111
29 111
29 111
29 111
29 111
29 111
29 111
29 111
29 111
29 111
29 111
29 111
29 111
29 111
29 111
29 111
29 111
29 112
29 112
29 112
29 112
29 112
29 112
29 112
29 112
29 112
29 112
29 112
29 111
29 111
1 835
1 835
1 835
1 835
1 835
1 835
1 835
1 835
1 835
1 836
1 836
1 836
1 836
1 836
1 836
1 836
1 836
1 836
1 836
1 836
1 836
1 835
1 834
1 834
1 834
1 834
1 834
1 834
1 834
1 834
1 835
1 835
1 835
1 835
1 835
1 835
1 835
1 835
1 835
1 835
1 835
1 836
1 836
1 836
1 836
1 836
1 836
1 836
1 836
1 835
1 835
1 834
1 834
1 834
1 834
1 834
1 834
1 834
1 834
1 834
1 834
1 834
1 834
1 834
1 834
1 834
1 834
1 834
1 834
1 834
1 834
1 834
1 834
1 834
1 834
1 834
1 834
1 834
1 834
1 834
1 834
1 834
1 834
1 834
1 834
1 834
1 834
1 834
1 834
1 834
1 834
1 835
1 835
1 835
1 835
1 835
1 835
1 835
1 835
1 835
16 355
16 355
16 356
16 356
16 356
16 356
16 355
16 355
16 355
16 354
16 354
16 354
16 354
16 354
16 354
16 354
16 354
16 354
16 354
16 354
16 353
16 353
16 353
16 353
16 353
16 353
16 353
16 353
16 353
16 353
16 353
16 353
16 353
16 353
16 353
16 353
16 353
16 353
16 353
16 353
16 353
16 354
16 354
16 354
16 354
16 354
16 354
16 354
16 354
16 354
16 354
16 354
16 354
16 354
16 354
16 355
16 355
16 355
16 355
16 355
16 355
16 355
16 355
16 355
16 355
16 355
16 355
16 355
16 355
16 355
16 355
16 355
16 355
16 355
16 355
16 355
16 355
16 354
16 354
16 354
16 354
16 354
16 354
16 354
16 354
16 354
16 354
16 354
16 354
16 354
16 354
16 354
16 354
16 354
16 354
16 354
16 354
16 354
16 354
16 354
5 695
5 695
5 695
5 695
5 695
5 695
5 695
5 695
5 695
5 695
5 695
5 695
5 695
5 695
5 695
5 695
5 695
5 695
5 695
5 695
5 695
5 695
5 695
5 695
5 695
5 695
5 695
5 695
5 695
5 695
5 695
5 695
5 695
5 695
5 695
5 695
5 695
5 695
5 695
5 695
5 695
5 695
5 695
5 695
5 695
5 695
5 695
5 695
5 695
5 695
5 695
5 695
5 695
5 695
5 695
5 695
5 695
5 695
5 695
5 695
5 694
5 694
5 694
5 694
5 694
5 694
5 694
5 694
5 694
5 694
5 694
5 694
5 694
5 694
5 694
5 694
5 694
5 694
5 694
5 694
5 694
5 694
5 694
5 694
5 694
5 694
5 694
5 694
5 694
5 694
5 694
5 694
5 694
5 694
5 694
5 694
5 694
5 694
5 694
5 694
11 469
11 469
11 469
11 469
11 469
11 469
11 469
11 469
11 469
11 469
11 469
11 469
11 469
11 469
11 469
11 469
11 469
11 469
11 469
11 469
11 469
11 469
11 469
11 469
11 469
11 469
11 469
11 469
11 469
11 469
11 469
11 469
11 469
11 469
11 469
11 469
11 469
11 469
11 468
11 468
11 468
11 468
11 468
11 468
11 468
11 468
11 468
11 468
11 468
11 468
11 468
11 467
11 467
11 467
11 467
11 467
11 467
11 467
11 468
11 468
11 468
11 468
11 468
11 468
11 468
11 468
11 468
11 468
11 468
11 468
11 468
11 468
11 468
11 468
11 468
11 468
11 468
11 468
11 468
11 469
11 469
11 469
11 469
11 469
11 469
11 469
11 469
11 469
11 468
11 468
11 468
11 468
11 468
11 468
11 468
11 468
11 468
11 468
11 468
11 237
13 492
13 492
13 492
13 492
13 492
13 492
13 492
13 492
13 492
13 492
13 492
13 492
13 492
13 492
13 492
13 492
13 492
13 492
13 493
13 493
13 493
13 493
13 493
13 493
13 493
13 493
13 493
13 494
13 494
13 494
13 493
13 493
13 493
13 493
13 493
13 493
13 493
13 493
13 493
13 493
13 493
13 493
13 494
13 494
13 494
13 494
13 494
13 494
13 494
13 494
13 494
13 493
13 493
13 493
13 493
13 493
13 493
13 493
13 493
13 493
13 493
13 493
13 493
13 492
13 492
13 492
13 492
13 492
13 492
13 492
13 492
13 492
13 492
13 492
13 492
13 492
13 492
13 492
13 492
13 492
13 492
13 492
13 492
13 492
13 492
13 492
13 493
13 493
13 493
13 493
13 493
13 493
13 493
13 493
13 493
13 493
13 493
13 493
13 493
13 493
33 382
33 382
33 382
33 382
33 382
33 382
33 382
33 382
33 382
33 382
33 382
33 382
33 382
33 382
33 382
33 382
33 382
33 382
33 382
33 382
33 382
33 382
33 382
33 382
33 382
33 382
33 382
33 382
33 382
33 382
33 382
33 382
33 382
33 382
33 382
33 382
33 382
33 382
33 382
33 382
33 382
33 383
33 383
33 383
33 383
33 383
33 383
33 384
33 384
33 384
33 384
33 384
33 384
33 384
33 384
33 384
33 384
33 384
33 384
33 384
33 384
33 384
33 384
33 384
33 384
33 384
33 384
33 384
33 384
33 385
33 385
33 385
33 385
33 385
33 385
33 385
33 385
33 385
33 385
33 385
33 385
33 385
33 384
33 384
33 384
33 384
33 384
33 384
33 384
33 384
33 384
33 384
33 385
33 385
33 385
33 385
33 385
33 385
33 385
33 385
13 493
13 493
13 493
13 492
13 492
13 492
13 492
13 492
13 492
13 492
13 492
13 491
13 491
13 491
13 491
13 491
13 491
13 491
13 491
13 491
13 491
13 491
13 491
13 491
13 491
13 491
13 491
13 491
13 491
13 491
13 491
13 491
13 491
13 491
13 491
13 491
13 491
13 491
13 491
13 491
13 491
13 491
13 491
13 491
13 491
13 490
13 490
13 490
13 490
13 490
13 490
13 490
13 490
13 490
13 490
13 490
13 490
13 490
13 490
13 490
13 490
13 490
13 490
13 490
13 490
13 490
13 490
13 490
13 490
13 490
13 490
13 489
13 489
13 489
13 489
13 489
13 489
13 489
13 489
13 489
13 489
13 489
13 488
13 488
13 488
13 488
13 488
13 487
13 487
13 487
13 487
13 487
13 487
13 486
13 486
13 486
13 485
13 484
13 484
13 484
37 978
37 979
37 979
37 979
37 979
37 979
37 980
37 980
37 980
37 980
37 980
37 980
37 980
37 980
37 980
37 980
37 980
37 980
37 980
37 980
37 980
37 980
37 980
37 980
37 980
37 980
37 980
37 980
37 980
37 980
37 980
37 980
37 980
37 980
37 980
37 980
37 980
37 980
37 980
37 980
37 980
37 981
37 981
37 981
37 981
37 981
37 981
37 981
37 981
37 981
37 981
37 981
37 982
37 982
37 982
37 982
37 982
37 982
37 982
37 982
37 982
37 982
37 982
37 982
37 982
37 982
37 982
37 982
37 982
37 982
37 982
37 982
37 982
37 207
37 207
37 207
37 207
37 207
37 207
37 207
37 207
37 207
37 207
37 207
37 207
37 207
37 207
37 207
37 207
37 207
37 207
37 207
37 206
37 206
37 206
37 206
37 205
37 205
37 205
37 205
10 616
10 615
10 615
10 615
10 615
10 615
10 615
10 615
10 615
10 615
10 615
10 615
10 615
10 615
10 615
10 615
10 615
10 615
10 615
10 615
10 615
10 615
10 615
10 615
10 615
10 615
10 615
10 615
10 615
10 615
10 615
10 615
10 615
10 615
10 615
10 615
10 615
10 615
10 615
10 615
10 615
10 615
10 615
10 615
10 615
10 615
10 615
10 615
10 615
10 618
10 618
10 618
10 618
10 618
10 618
10 618
10 618
10 618
10 618
10 618
10 618
10 618
10 618
10 618
10 618
10 618
10 618
10 618
10 618
10 618
10 618
10 618
10 618
10 618
10 618
10 618
10 618
10 618
10 618
10 618
10 618
10 618
10 618
10 618
10 618
10 618
10 618
10 618
10 618
10 618
10 619
10 619
10 619
10 619
10 619
10 619
10 619
10 619
10 619
10 619
21 280
21 280
21 279
21 279
21 279
21 280
21 280
21 280
21 280
21 280
21 280
21 280
21 280
21 280
21 280
21 280
21 280
21 280
21 280
21 280
21 280
21 280
21 280
21 279
21 279
21 279
21 279
21 279
21 279
21 279
21 279
21 279
21 279
21 279
21 279
21 279
21 279
21 279
21 278
21 278
21 278
21 278
21 278
21 278
21 278
21 278
21 278
21 278
21 278
21 278
21 278
21 278
21 278
21 278
21 278
21 278
21 278
21 278
21 277
21 277
21 277
21 277
21 277
21 277
21 277
21 277
21 277
21 278
21 278
21 278
21 278
21 278
21 278
21 278
21 277
21 277
21 277
21 277
21 277
21 277
21 277
21 277
21 277
21 277
21 277
21 277
21 277
21 277
21 277
21 277
21 277
21 277
21 277
21 277
21 277
21 277
21 277
21 277
21 277
21 277
49 884
49 884
49 884
49 884
49 884
49 884
49 884
49 884
49 884
49 884
49 884
49 884
49 884
49 880
49 880
49 880
49 880
49 880
49 879
49 879
49 879
49 879
49 879
49 879
49 879
49 879
49 879
49 879
49 879
49 879
49 879
49 879
49 879
49 879
49 879
49 879
49 879
49 879
49 879
49 879
49 879
49 879
49 879
49 879
49 879
49 879
49 879
49 879
49 879
49 879
49 879
49 879
49 880
49 880
49 880
49 880
49 880
49 880
49 880
49 880
49 880
49 880
49 880
49 880
49 880
49 880
49 880
49 880
49 880
49 880
49 880
49 880
49 880
49 880
49 880
49 880
49 880
49 880
49 880
49 880
49 880
49 880
49 880
49 880
49 880
49 880
49 880
49 880
49 880
49 880
49 880
49 880
49 880
49 879
49 879
49 879
49 879
49 879
49 879
49 879
5 694
5 694
5 694
5 694
5 693
5 693
5 693
5 693
5 693
5 693
5 693
5 693
5 693
5 693
5 693
5 693
5 693
5 693
5 693
5 693
5 693
5 693
5 693
5 693
5 693
5 693
5 693
5 693
5 693
5 693
5 693
5 693
5 693
5 693
5 693
5 693
5 693
5 693
5 693
5 693
5 693
5 693
5 693
5 693
5 693
5 693
5 693
5 693
5 693
5 693
5 693
5 693
5 693
5 693
5 693
5 693
5 693
5 693
5 693
5 693
5 693
5 693
5 693
5 693
5 693
5 693
5 693
5 693
5 693
5 692
5 692
5 692
5 692
5 692
5 692
5 692
5 692
5 692
5 692
5 692
5 692
5 692
5 692
5 692
5 692
5 692
5 692
5 692
5 692
5 692
5 692
5 692
5 692
5 692
5 692
5 692
5 692
5 692
5 692
5 692
7 749
7 749
7 749
7 749
7 749
7 749
7 749
7 749
7 749
7 749
7 749
7 749
7 749
7 749
7 749
7 749
7 749
7 749
7 749
7 749
7 749
7 749
7 749
7 749
7 749
7 749
7 749
7 749
7 749
7 749
7 749
7 749
7 749
7 749
7 749
7 749
7 749
7 749
7 749
7 749
7 749
7 749
7 749
7 749
7 749
7 749
7 749
7 749
7 749
7 749
7 749
7 749
7 749
7 749
7 750
7 750
7 750
7 750
7 750
7 750
7 750
7 750
7 750
7 750
7 750
7 750
7 750
7 750
7 750
7 750
7 750
7 750
7 750
7 750
7 750
7 750
7 750
7 750
7 750
7 750
7 750
7 750
7 750
7 750
7 750
7 750
7 750
7 750
7 750
7 750
7 750
7 751
7 751
7 751
7 751
7 751
7 751
7 751
7 751
7 751
39 953
39 953
39 953
39 953
39 953
39 953
39 953
39 953
39 953
39 953
39 953
39 953
39 953
39 953
39 953
39 953
39 953
39 953
39 953
39 953
39 953
39 953
39 953
39 953
39 953
39 953
39 953
39 953
39 953
39 953
39 953
39 953
39 954
39 954
39 954
39 961
39 961
39 961
39 961
39 961
39 961
39 961
39 961
39 961
39 961
39 961
39 961
39 962
39 962
39 962
39 962
39 962
39 962
39 962
39 962
39 962
39 962
39 962
39 962
39 962
39 962
39 962
39 962
39 962
39 962
39 961
39 961
39 961
39 961
39 961
39 961
39 961
39 961
39 961
39 961
39 961
39 961
39 961
39 961
39 961
39 961
39 961
39 961
39 961
39 961
39 961
39 961
39 961
39 961
39 961
39 962
39 962
39 962
39 962
39 962
39 962
39 962
39 961
39 961
39 961
44 950
44 950
44 950
44 950
44 950
44 950
44 950
44 950
44 950
44 950
44 950
44 950
44 950
44 950
44 950
44 950
44 950
44 950
44 950
44 950
44 950
44 949
44 949
44 949
44 949
44 949
44 949
44 949
44 949
44 949
44 949
44 949
44 949
44 949
44 949
44 949
44 949
44 949
44 949
44 949
44 949
44 949
44 949
44 949
44 949
44 949
44 949
44 949
44 949
44 949
44 949
44 949
44 948
44 948
44 948
44 948
44 948
44 948
44 949
44 949
44 949
44 949
44 949
44 949
44 949
44 950
44 950
44 950
44 950
44 950
44 950
44 950
44 950
44 950
44 950
44 950
44 950
44 950
44 950
44 950
44 950
44 949
44 949
44 949
44 949
44 949
44 949
44 949
44 949
44 949
44 949
44 949
44 949
44 949
44 949
44 948
44 948
44 948
44 948
44 948
7 751
7 751
7 751
7 751
7 751
7 751
7 751
7 751
7 750
7 750
7 750
7 750
7 750
7 750
7 750
7 750
7 750
7 750
7 750
7 750
7 750
7 750
7 750
7 750
7 750
7 750
7 750
7 750
7 750
7 750
7 750
7 750
7 750
7 750
7 751
7 751
7 751
7 751
7 751
7 751
7 751
7 751
7 751
7 751
7 751
7 751
7 751
7 751
7 751
7 751
7 751
7 751
7 751
7 751
7 751
7 751
7 750
7 750
7 750
7 750
7 750
7 750
7 750
7 750
7 750
7 750
7 750
7 750
7 750
7 750
7 750
7 750
7 750
7 750
7 750
7 750
7 750
7 750
7 750
7 750
7 750
7 750
7 750
7 750
7 750
7 750
7 750
7 750
7 750
7 750
7 750
7 750
7 750
7 750
7 750
7 750
7 750
7 750
7 750
7 750
10 619
10 619
10 619
10 619
10 619
10 619
10 619
10 619
10 619
10 619
10 619
10 619
10 619
10 619
10 619
10 619
10 619
10 619
10 619
10 619
10 619
10 619
10 619
10 619
10 619
10 619
10 619
10 619
10 618
10 618
10 618
10 618
10 618
10 618
10 618
10 618
10 618
10 618
10 618
10 618
10 618
10 618
10 618
10 618
10 618
10 618
10 618
10 618
10 618
10 618
10 618
10 618
10 618
10 618
10 618
10 618
10 618
10 618
10 618
10 618
10 618
10 618
10 618
10 618
10 618
10 618
10 618
10 618
10 618
10 618
10 618
10 618
10 618
10 618
10 618
10 618
10 617
10 617
10 617
10 617
10 617
10 617
10 617
10 617
10 617
10 617
10 617
10 617
10 617
10 617
10 617
10 617
10 617
10 617
10 617
10 617
10 617
10 617
10 617
10 617
41 457
41 457
41 457
41 457
41 457
41 457
41 457
41 457
41 457
41 457
41 457
41 457
41 457
41 457
41 457
41 457
41 457
41 457
41 457
41 457
41 457
41 457
41 457
41 457
41 457
41 457
41 457
41 457
41 457
41 456
41 456
41 456
41 456
41 456
41 456
41 456
41 456
41 456
41 456
41 456
41 456
41 456
41 455
41 455
41 455
41 455
41 455
41 455
41 455
41 455
41 455
41 455
41 455
41 455
41 455
41 455
41 455
41 455
41 455
41 455
41 455
41 455
41 455
41 455
41 455
41 455
41 455
41 455
41 455
41 455
41 455
41 455
41 455
41 455
41 455
41 455
41 455
41 455
41 455
41 455
41 455
41 455
41 455
41 455
41 454
41 454
41 453
41 453
41 453
41 453
41 453
41 453
41 453
41 453
41 453
41 453
41 453
41 453
41 453
41 453
21 277
21 277
21 277
21 277
21 277
21 277
21 277
21 277
21 277
21 277
21 277
21 277
21 277
21 277
21 277
21 277
21 277
21 277
21 277
21 277
21 277
21 277
21 277
21 277
21 277
21 277
21 277
21 277
21 277
21 277
21 277
21 277
21 277
21 277
21 277
21 277
21 277
21 277
21 277
21 277
21 277
21 277
21 277
21 277
21 277
21 277
21 277
21 277
21 277
21 277
21 277
21 277
21 277
21 277
21 277
21 277
21 277
21 277
21 277
21 277
21 277
21 277
21 277
21 277
21 277
21 277
21 277
21 277
21 277
21 277
21 277
21 277
21 277
21 277
21 277
21 277
21 277
21 277
21 277
21 277
21 277
21 277
21 277
21 277
21 277
21 277
21 277
21 277
21 277
21 277
21 277
21 277
21 277
21 277
21 277
21 277
21 276
21 275
21 275
21 275
9 344
9 343
9 343
9 343
9 343
9 343
9 343
9 343
9 343
9 343
9 343
9 343
9 342
9 342
9 342
9 342
9 342
9 342
9 342
9 342
9 342
9 342
9 342
9 342
9 342
9 342
9 342
9 342
9 342
9 342
9 342
9 342
9 342
9 342
9 342
9 342
9 342
9 343
9 343
9 343
9 343
9 343
9 343
9 343
9 343
9 343
9 343
9 343
9 343
9 343
9 342
9 341
9 341
9 341
9 341
9 341
9 341
9 341
9 341
9 341
9 341
9 341
9 341
9 341
9 341
9 341
9 341
9 341
9 341
9 340
9 340
9 340
9 340
9 340
9 340
9 340
9 340
9 340
9 340
9 340
9 340
9 340
9 340
9 340
9 340
9 340
9 340
9 340
9 340
9 340
9 340
9 340
9 340
9 340
9 340
9 340
9 339
9 339
9 338
9 338
47 978
47 979
47 979
47 979
47 979
47 979
47 979
47 979
47 979
47 979
47 979
47 979
47 979
47 979
47 980
47 980
47 980
47 980
47 979
47 979
47 979
47 979
47 979
47 979
47 979
47 979
47 979
47 979
47 979
47 979
47 979
47 979
47 979
47 979
47 979
47 979
47 979
47 979
47 979
47 979
47 979
47 979
47 979
47 979
47 979
47 979
47 979
47 979
47 979
47 979
47 979
47 979
47 979
47 979
47 978
47 978
47 978
47 978
47 978
47 978
47 978
47 978
47 978
47 978
47 978
47 978
47 978
47 978
47 979
47 979
47 979
47 979
47 979
47 979
47 979
47 979
47 979
47 979
47 979
47 979
47 979
47 979
47 979
47 979
47 979
47 980
47 980
47 980
47 980
47 980
47 980
47 980
47 980
47 980
47 980
47 980
47 980
47 980
47 980
47 980
36 687
36 687
36 687
36 687
36 687
36 687
36 687
36 687
36 687
36 687
36 687
36 687
36 687
36 687
36 687
36 687
36 687
36 687
36 687
36 687
36 687
36 687
36 687
36 687
36 687
36 687
36 687
36 687
36 687
36 687
36 687
36 687
36 687
36 687
36 687
36 687
36 687
36 687
36 687
36 687
36 687
36 687
36 687
36 687
36 687
36 687
36 687
36 687
36 687
36 687
36 687
36 687
36 687
36 687
36 687
36 687
36 687
36 687
36 687
36 687
36 687
36 687
36 687
36 687
36 687
36 687
36 688
36 688
36 688
36 688
36 688
36 687
36 687
36 687
36 687
36 687
36 687
36 687
36 687
36 687
36 687
36 687
36 687
36 687
36 687
36 687
36 687
36 687
36 687
36 687
36 687
36 687
36 687
36 687
36 687
36 687
36 687
36 687
36 687
36 687
37 205
37 205
37 205
37 205
37 205
37 205
37 205
37 205
37 205
37 205
37 205
37 205
37 205
37 205
37 205
37 205
37 205
37 205
37 205
37 205
37 205
37 205
37 205
37 205
37 205
37 205
37 205
37 205
37 205
37 205
37 205
37 205
37 205
37 205
37 205
37 205
37 205
37 205
37 205
37 205
37 205
37 205
37 205
37 205
37 205
37 205
37 206
37 206
37 206
37 206
37 206
37 206
37 207
37 207
37 207
37 207
37 207
37 207
37 207
37 207
37 207
37 207
37 207
37 207
37 207
37 207
37 207
37 207
37 207
37 207
37 207
37 206
37 206
37 206
37 206
37 206
37 206
37 206
37 206
37 206
37 206
37 206
37 206
37 205
37 205
37 205
37 205
37 205
37 205
37 205
37 205
37 205
37 205
37 205
37 205
37 206
37 206
37 206
37 206
37 206
41 453
41 453
41 453
41 453
41 453
41 453
41 453
41 453
41 453
41 453
41 453
41 453
41 453
41 453
41 453
41 453
41 453
41 453
41 452
41 452
41 452
41 452
41 452
41 452
41 452
41 452
41 452
41 451
41 451
41 451
41 451
41 451
41 451
41 451
41 451
41 451
41 451
41 451
41 450
41 450
41 450
41 450
41 450
41 450
41 450
41 450
41 450
41 450
41 450
41 450
41 450
41 450
41 450
41 450
41 450
41 450
41 450
41 450
41 450
41 449
41 449
41 449
41 449
41 449
41 449
41 449
41 450
41 450
41 450
41 450
41 450
41 450
41 450
41 450
41 450
41 450
41 450
41 450
41 450
41 450
41 450
41 450
41 451
41 451
41 451
41 451
41 451
41 451
41 451
41 451
41 451
41 451
41 451
41 451
41 452
41 452
41 453
41 453
41 453
41 453
34 241
34 241
34 241
34 241
34 241
34 241
34 241
34 241
34 241
34 241
34 241
34 241
34 241
34 241
34 241
34 241
34 241
34 241
34 241
34 241
34 241
34 241
34 241
34 241
34 241
34 241
34 241
34 241
34 241
34 241
34 241
34 241
34 241
34 241
34 241
34 241
34 241
34 241
34 241
34 241
34 241
34 241
34 241
34 241
34 241
34 241
34 241
34 241
34 241
34 241
34 240
34 240
34 240
34 240
34 240
34 240
34 240
34 240
34 240
34 240
34 240
34 240
34 240
34 240
34 240
34 240
34 240
34 240
34 240
34 240
34 240
34 240
34 240
34 240
34 240
34 240
34 240
34 240
34 240
34 240
34 240
34 240
34 240
34 240
34 240
34 240
34 240
34 240
34 240
34 240
34 240
34 240
34 240
34 240
34 240
34 240
34 240
34 240
34 240
34 240
49 879
49 879
49 879
49 879
49 879
49 879
49 879
49 879
49 879
49 879
49 879
49 879
49 880
49 880
49 880
49 880
49 880
49 880
49 880
49 880
49 879
49 879
49 879
49 879
49 879
49 879
49 879
49 880
49 880
49 880
49 880
49 880
49 880
49 880
49 880
49 880
49 880
49 880
49 880
49 879
49 879
49 879
49 879
49 879
49 879
49 879
49 879
49 879
49 879
49 879
49 879
49 879
49 879
49 879
49 879
49 879
49 879
49 879
49 879
49 879
49 879
49 880
49 880
49 880
49 880
49 880
49 880
49 880
49 880
49 880
49 879
49 879
49 879
49 879
49 879
49 878
49 878
49 878
49 878
49 878
49 878
49 878
49 878
49 878
49 878
49 878
49 878
49 878
49 878
49 878
49 878
49 878
49 878
49 878
49 878
49 878
49 878
49 878
49 878
49 878
48 74
48 74
48 74
48 74
48 74
48 74
48 74
48 75
48 75
48 75
48 75
48 74
48 74
48 74
48 74
48 74
48 74
48 74
48 74
48 74
48 74
48 74
48 74
48 74
48 74
48 74
48 74
48 74
48 74
48 74
48 74
48 73
48 73
48 73
48 73
48 73
48 73
48 73
48 73
48 73
48 73
48 73
48 73
48 73
48 73
48 73
48 73
48 73
48 73
48 73
48 73
48 73
48 73
48 73
48 73
48 73
48 73
48 73
48 73
48 73
48 73
48 73
48 73
48 73
48 73
48 73
48 73
48 73
48 73
48 73
48 73
48 73
48 73
48 73
48 73
48 73
48 73
48 73
48 73
48 73
48 73
48 72
48 72
48 72
48 72
48 72
48 72
48 72
48 72
48 72
48 72
48 73
48 73
48 73
48 73
48 73
48 73
48 73
48 72
48 72
3 999
3 999
3 1000
3 1000
3 1000
3 1000
3 1000
3 1000
3 1000
3 1000
3 1000
3 1000
3 1000
3 1000
3 1000
3 1000
3 1000
3 1000
3 1000
3 1000
3 1000
3 1000
3 999
3 999
3 999
3 999
3 999
3 999
3 999
3 998
3 998
3 998
3 998
3 998
3 998
3 998
3 998
3 998
3 998
3 998
3 998
3 998
3 998
3 998
3 998
3 998
3 998
3 998
3 998
3 998
3 998
3 998
3 998
3 999
3 999
3 999
3 999
3 998
3 998
3 998
3 998
3 998
3 225
3 225
3 225
3 225
3 225
3 225
3 225
3 225
3 225
3 225
3 225
3 225
3 225
3 225
3 225
3 225
3 225
3 225
3 225
3 225
3 225
3 225
3 225
3 225
3 225
3 225
3 225
3 225
3 225
3 225
3 225
3 225
3 225
3 225
3 225
3 226
3 226
3 226
46 207
46 207
46 207
46 207
46 207
46 207
46 208
46 208
46 208
46 208
46 208
46 208
46 208
46 208
46 208
46 208
46 207
46 207
46 207
46 207
46 207
46 207
46 207
46 207
46 207
46 207
46 207
46 207
46 207
46 207
46 207
46 207
46 207
46 207
46 207
46 207
46 207
46 206
46 206
46 206
46 206
46 206
46 206
46 206
46 206
46 206
46 206
46 206
46 206
46 206
46 206
46 206
46 206
46 206
46 206
46 206
46 206
46 206
46 206
46 206
46 206
46 206
46 206
46 206
46 206
46 206
46 206
46 206
46 206
46 206
46 206
46 206
46 206
46 206
46 206
46 206
46 206
46 206
46 206
46 206
46 207
46 207
46 207
46 207
46 207
46 207
46 207
46 207
46 207
46 207
46 207
46 207
46 207
46 206
46 206
46 206
46 206
46 206
46 206
46 206
44 948
44 948
44 948
44 947
44 947
44 947
44 947
44 947
44 947
44 947
44 947
44 947
44 947
44 947
44 716
44 716
44 716
44 716
44 716
44 716
44 716
44 716
44 717
44 717
44 717
44 717
44 717
44 717
44 717
44 717
44 717
44 717
44 717
44 717
44 717
44 717
44 717
44 717
44 717
44 717
44 717
44 717
44 717
44 717
44 717
44 717
44 717
44 717
44 717
44 717
44 717
44 717
44 717
44 717
44 717
44 717
44 718
44 718
44 718
44 718
44 717
44 717
44 717
44 718
44 718
44 718
44 718
44 718
44 718
44 718
44 718
44 718
44 718
44 718
44 718
44 718
44 718
44 718
44 718
44 718
44 718
44 718
44 718
44 718
44 718
44 718
44 718
44 718
44 718
44 718
44 718
44 718
44 718
44 718
44 718
44 718
44 718
44 718
44 718
44 718
32 475
32 475
32 475
32 475
32 475
32 475
32 475
32 475
32 475
32 475
32 475
32 475
32 475
32 475
32 475
32 475
32 475
32 475
32 475
32 475
32 475
32 475
32 475
32 475
32 475
32 475
32 475
32 475
32 475
32 475
32 475
32 475
32 475
32 474
32 474
32 474
32 474
32 474
32 474
32 474
32 474
32 474
32 474
32 474
32 474
32 474
32 474
32 474
32 474
32 474
32 474
32 474
32 474
32 474
32 474
32 474
32 474
32 474
32 474
32 474
32 474
32 474
32 474
32 474
32 474
32 474
32 474
32 474
32 474
32 474
32 474
32 474
32 474
32 474
32 474
32 474
32 474
32 474
32 474
32 474
32 474
32 474
32 474
32 474
32 474
32 475
32 475
32 475
32 475
32 476
32 476
32 476
32 475
32 475
32 474
32 474
32 474
32 474
32 474
32 474
48 72
48 72
48 72
48 72
48 72
48 72
48 72
48 72
48 72
48 72
48 72
48 72
48 72
48 71
48 71
48 71
48 71
48 71
48 71
48 70
48 70
48 70
48 70
48 70
48 70
48 70
48 70
48 70
48 70
48 70
48 70
48 70
48 70
48 70
48 70
48 70
48 70
48 70
48 70
48 70
48 70
48 70
48 70
48 70
48 70
48 70
48 70
48 70
48 70
48 70
48 70
48 70
48 70
48 70
48 70
48 70
48 70
48 70
48 70
48 70
48 70
48 70
48 70
48 70
48 70
48 70
48 70
48 70
48 70
48 70
48 70
48 70
48 70
48 70
48 70
48 70
48 70
48 70
48 70
48 70
48 70
48 70
48 70
48 70
48 70
48 70
48 70
48 70
48 70
48 71
48 71
48 71
48 71
48 71
48 71
48 71
48 71
48 71
48 72
48 72
11 237
11 237
11 237
11 237
11 237
11 237
11 237
11 237
11 237
11 237
11 237
11 237
11 237
11 236
11 236
11 236
11 236
11 236
11 236
11 236
11 236
11 236
11 236
11 236
11 236
11 236
11 236
11 236
11 236
11 236
11 236
11 236
11 236
11 236
11 236
11 236
11 236
11 236
11 236
11 236
11 236
11 236
11 236
11 236
11 236
11 236
11 236
11 236
11 236
11 236
11 236
11 236
11 236
11 236
11 236
11 236
11 236
11 236
11 236
11 236
11 236
11 236
11 236
11 236
11 236
11 236
11 236
11 236
11 236
11 236
11 236
11 236
11 236
11 236
11 236
11 236
11 236
11 236
11 236
11 236
11 236
11 236
11 236
11 236
11 236
11 236
11 236
11 236
11 236
11 236
11 236
11 236
11 236
11 236
11 235
11 235
11 235
11 235
11 235
11 235
37 206
37 206
37 206
37 206
37 206
37 206
37 206
37 206
37 206
37 206
37 206
37 205
37 205
37 205
37 205
37 205
37 205
37 205
37 205
37 205
37 206
37 206
37 206
37 206
37 207
37 207
37 207
37 207
37 207
37 207
37 207
37 207
37 207
37 207
37 207
37 207
37 207
37 207
37 207
37 207
37 207
37 207
37 207
37 207
37 207
37 207
37 207
37 207
37 207
37 207
37 207
37 207
37 207
37 207
37 207
37 207
37 206
37 206
37 206
37 206
37 976
37 976
37 976
37 976
37 976
37 976
37 976
37 976
37 976
37 976
37 976
37 976
37 976
37 976
37 976
37 976
37 976
37 976
37 976
37 976
37 976
37 976
37 976
37 976
37 976
37 976
37 976
37 976
37 976
37 976
37 976
37 976
37 976
37 976
37 976
37 976
37 976
37 976
37 976
37 976