20 164
20 164
20 164
20 164
20 165
20 165
20 165
20 165
20 165
20 165
20 165
20 165
20 165
20 166
20 166
20 166
20 166
20 166
20 166
20 166
20 166
20 166
20 166
20 166
20 166
20 166
20 166
20 166
20 166
20 166
20 166
20 166
20 166
20 166
20 166
20 166
20 166
20 167
20 167
20 167
20 167
20 167
20 167
20 167
20 167
20 164
20 164
20 164
20 164
20 164
20 164
20 164
20 164
20 164
20 164
20 164
20 164
20 164
20 164
20 164
20 164
20 164
20 164
20 164
20 165
20 165
20 165
20 165
20 165
20 165
20 165
20 165
20 165
20 165
20 165
20 165
20 165
20 165
20 165
20 164
20 164
20 164
20 164
20 164
20 164
20 164
20 164
20 164
20 164
20 164
20 164
20 164
20 164
20 164
20 164
20 164
20 164
20 164
20 164
20 164
8 912
8 912
8 912
8 912
8 912
8 912
8 912
8 912
8 912
8 912
8 912
8 912
8 912
8 912
8 912
8 912
8 912
8 912
8 912
8 912
8 912
8 912
8 912
8 912
8 912
8 912
8 912
8 912
8 912
8 912
8 912
8 912
8 912
8 912
8 912
8 912
8 912
8 912
8 912
8 912
8 912
8 912
8 912
8 912
8 912
8 912
8 912
8 912
8 912
8 912
8 912
8 912
8 912
8 912
8 912
8 912
8 912
8 912
8 912
8 912
8 912
8 912
8 912
8 912
8 912
8 912
8 912
8 912
8 912
8 912
8 912
8 912
8 912
8 912
8 912
8 912
8 912
8 912
8 912
8 912
8 912
8 912
8 911
8 911
8 911
8 911
8 911
8 911
8 911
8 911
8 911
8 911
8 911
8 911
8 911
8 911
8 911
8 911
8 911
8 911
42 134
42 134
42 134
42 134
42 134
42 134
42 134
42 134
42 134
42 134
42 134
42 134
42 134
42 134
42 134
42 135
42 135
42 135
42 135
42 135
42 135
42 135
42 135
42 135
42 135
42 135
42 135
42 135
42 135
42 135
42 135
42 135
42 135
42 135
42 135
42 135
42 135
42 135
42 135
42 135
42 135
42 135
42 135
42 135
42 135
42 135
42 135
42 135
42 135
42 135
42 135
42 135
42 135
42 135
42 135
42 135
42 135
42 135
42 135
42 135
42 135
42 135
42 135
42 135
42 135
42 135
42 135
42 135
42 135
42 135
42 135
42 135
42 135
42 135
42 135
42 135
42 135
42 135
42 135
42 135
42 135
42 135
42 135
42 135
42 135
42 135
42 135
42 135
42 135
42 135
42 135
42 135
42 135
42 135
42 135
42 135
42 135
42 135
42 135
42 135
1 750
1 750
1 750
1 750
1 750
1 750
1 750
1 750
1 749
1 749
1 749
1 749
1 749
1 749
1 749
1 749
1 749
1 749
1 749
1 749
1 749
1 749
1 749
1 749
1 749
1 749
1 749
1 749
1 749
1 749
1 749
1 749
1 749
1 749
1 749
1 749
1 749
1 749
1 749
1 749
1 749
1 749
1 749
1 749
1 749
1 749
1 749
1 749
1 749
1 749
1 749
1 749
1 749
1 749
1 749
1 749
1 749
1 749
1 749
1 749
1 749
1 749
1 749
1 749
1 749
1 749
1 749
1 749
1 749
1 749
1 749
1 749
1 749
1 749
1 749
1 749
1 749
1 749
1 749
1 749
1 749
1 749
1 749
1 749
1 749
1 749
1 749
1 749
1 749
1 749
1 749
1 749
1 749
1 749
1 749
1 749
1 749
1 749
1 749
1 749
32 978
32 978
32 978
32 978
32 978
32 978
32 978
32 978
32 978
32 978
32 978
32 978
32 978
32 978
32 978
32 978
32 977
32 977
32 977
32 977
32 977
32 977
32 977
32 977
32 977
32 977
32 977
32 977
32 977
32 977
32 977
32 977
32 977
32 977
32 978
32 978
32 978
32 978
32 978
32 978
32 978
32 978
32 978
32 978
32 978
32 977
32 977
32 977
32 977
32 977
32 977
32 977
32 977
32 977
32 977
32 977
32 977
32 977
32 977
32 977
32 977
32 977
32 977
32 977
32 977
32 977
32 977
32 977
32 977
32 977
32 977
32 977
32 977
32 977
32 977
32 977
32 977
32 977
32 977
32 977
32 977
32 977
32 977
32 977
32 977
32 978
32 979
32 979
32 979
32 979
32 979
32 979
32 979
32 979
32 979
32 979
32 979
32 979
32 979
32 979
23 83
23 83
23 83
23 83
23 83
23 83
23 83
23 83
23 83
23 84
23 84
23 84
23 84
23 84
23 84
23 84
23 84
23 84
23 84
23 84
23 84
23 84
23 84
23 84
23 84
23 84
23 84
23 84
23 84
23 84
23 84
23 84
23 84
23 84
23 84
23 84
23 84
23 84
23 84
23 84
23 84
23 84
23 84
23 84
23 84
23 84
23 84
23 84
23 84
23 84
23 84
23 84
23 84
23 84
23 84
23 84
23 84
23 84
23 84
23 83
23 84
23 84
23 84
23 84
23 84
23 84
23 84
23 84
23 84
23 84
23 84
23 84
23 84
23 84
23 84
23 84
23 84
23 84
23 84
23 84
23 84
23 84
23 84
23 84
23 84
23 84
23 84
23 84
23 84
23 84
23 84
23 84
23 84
23 84
23 84
23 84
23 84
23 84
23 85
23 85
39 232
39 232
39 232
39 232
39 232
39 232
39 232
39 232
39 232
39 232
39 232
39 232
39 233
39 233
39 233
39 233
39 233
39 233
39 233
39 233
39 233
39 233
39 233
39 233
39 233
39 233
39 233
39 233
39 233
39 233
39 233
39 233
39 233
39 233
39 233
39 233
39 233
39 233
39 233
39 233
39 233
39 233
39 233
39 233
39 233
39 233
39 233
39 233
39 233
39 233
39 233
39 232
39 232
39 232
39 232
39 232
39 232
39 233
39 233
39 233
39 233
39 233
39 233
39 233
39 233
39 233
39 233
39 233
39 233
39 233
39 233
39 232
39 232
39 231
39 231
39 231
39 231
39 231
39 231
39 231
39 231
39 231
39 231
39 231
39 231
39 231
39 231
39 231
39 231
39 231
39 231
39 231
39 231
39 231
39 231
39 231
39 231
39 231
39 231
39 231
22 277
22 277
22 277
22 277
22 277
22 277
22 277
22 277
22 277
22 277
22 277
22 277
22 277
22 277
22 277
22 277
22 277
22 277
22 277
22 277
22 277
22 277
22 277
22 277
22 277
22 277
22 277
22 277
22 277
22 277
22 277
22 277
22 277
22 277
22 277
22 277
22 277
22 277
22 277
22 277
22 277
22 277
22 277
22 277
22 276
22 276
22 276
22 276
22 276
22 276
22 276
22 276
22 275
22 275
22 275
22 275
22 275
22 275
22 275
22 275
22 275
22 275
22 275
22 275
22 275
22 275
22 275
22 275
22 275
22 275
22 275
22 275
22 275
22 275
22 275
22 275
22 275
22 275
22 275
22 275
22 275
22 275
22 275
22 275
22 275
22 275
22 275
22 275
22 275
22 275
22 275
22 275
22 275
22 275
22 275
22 275
22 275
22 275
22 275
22 275
32 979
32 979
32 979
32 979
32 979
32 979
32 979
32 979
32 979
32 979
32 979
32 979
32 979
32 979
32 979
32 979
32 979
32 979
32 979
32 979
32 979
32 979
32 979
32 979
32 979
32 979
32 979
32 979
32 979
32 979
32 979
32 979
32 979
32 979
32 979
32 979
32 979
32 979
32 979
32 979
32 979
32 979
32 979
32 979
32 979
32 979
32 979
32 980
32 980
32 980
32 980
32 980
32 980
32 980
32 980
32 980
32 980
32 980
32 980
32 980
32 980
32 980
32 980
32 980
32 980
32 980
32 980
32 980
32 980
32 980
32 980
32 980
32 980
32 980
32 980
32 980
32 980
32 980
32 980
32 980
32 980
32 980
32 980
32 980
32 980
32 980
32 980
32 980
32 980
32 980
32 980
32 980
32 980
32 979
32 979
32 980
32 980
32 980
32 980
32 980
5 305
5 305
5 305
5 305
5 305
5 305
5 305
5 305
5 305
5 305
5 305
5 305
5 305
5 305
5 305
5 305
5 305
5 305
5 305
5 305
5 305
5 305
5 305
5 306
5 306
5 306
5 306
5 306
5 306
5 306
5 306
5 306
5 306
5 306
5 306
5 306
5 306
5 306
5 306
5 306
5 306
5 306
5 306
5 306
5 306
5 306
5 306
5 306
5 306
5 306
5 305
5 305
5 305
5 305
5 305
5 306
5 306
5 306
5 306
5 307
5 307
5 307
5 307
5 307
5 307
5 307
5 307
5 307
5 307
5 307
5 307
5 307
5 307
5 307
5 307
5 307
5 307
5 307
5 307
5 307
5 307
5 307
5 307
5 307
5 307
5 307
5 307
5 308
5 308
5 308
5 308
5 308
5 308
5 308
5 308
5 308
5 308
5 308
5 308
5 308
37 340
37 340
37 340
37 340
37 340
37 340
37 340
37 340
37 340
37 340
37 340
37 339
37 339
37 339
37 339
37 339
37 339
37 339
37 339
37 339
37 339
37 339
37 339
37 339
37 339
37 339
37 339
37 339
37 339
37 339
37 339
37 339
37 339
37 339
37 339
37 339
37 339
37 339
37 339
37 339
37 339
37 339
37 339
37 339
37 339
37 339
37 339
37 338
37 338
37 338
37 338
37 338
37 338
37 338
37 338
37 337
37 337
37 337
37 337
37 337
37 337
37 337
37 337
37 338
37 338
37 338
37 338
37 338
37 338
37 338
37 338
37 338
37 338
37 338
37 338
37 338
37 338
37 339
37 339
37 339
37 339
37 339
37 339
37 340
37 340
37 340
37 340
37 340
37 340
37 340
37 340
37 340
37 340
37 340
37 340
37 340
37 340
37 340
37 340
37 340
7 168
7 168
7 168
7 168
7 168
7 168
7 168
7 167
7 167
7 167
7 167
7 167
7 167
7 167
7 167
7 166
7 166
7 166
7 166
7 166
7 166
7 166
7 166
7 166
7 166
7 165
7 165
7 165
7 165
7 165
7 165
7 165
7 165
7 165
7 165
7 165
7 165
7 165
7 165
7 165
7 165
7 165
7 165
7 165
7 165
7 165
7 165
7 165
7 165
7 164
7 165
7 165
7 165
7 165
7 165
7 165
7 165
7 165
7 165
7 165
7 165
7 165
7 165
7 165
7 165
7 165
7 165
7 165
7 165
7 165
7 165
7 165
7 165
7 165
7 165
7 165
7 165
7 165
7 165
7 165
7 165
7 165
7 165
7 165
7 165
7 165
7 165
7 165
7 165
7 165
7 165
7 165
7 165
7 165
7 165
7 165
7 165
7 165
7 165
7 165
41 30
41 30
41 30
41 30
41 30
41 30
41 30
41 30
41 30
41 30
41 30
41 30
41 30
41 30
41 30
41 29
41 29
41 29
41 29
41 29
41 29
41 29
41 29
41 29
41 29
41 29
41 29
41 29
41 29
41 29
41 29
41 29
41 29
41 29
41 29
41 29
41 29
41 29
41 29
41 29
41 29
41 29
41 29
41 29
41 29
41 29
41 30
41 30
41 30
41 30
41 30
41 29
41 29
41 29
41 29
41 29
41 29
41 29
41 29
41 29
41 29
41 29
41 29
41 29
41 29
41 29
41 29
41 29
41 29
41 29
41 29
41 29
41 29
41 29
41 29
41 29
41 29
41 29
41 29
41 29
41 29
41 29
41 29
41 29
41 29
41 29
41 29
41 29
41 29
41 29
41 29
41 29
41 29
41 29
41 29
41 29
41 29
41 29
41 29
41 29
3 397
3 397
3 397
3 397
3 397
3 397
3 397
3 397
3 397
3 396
3 396
3 396
3 396
3 396
3 396
3 396
3 396
3 396
3 396
3 396
3 396
3 396
3 396
3 396
3 396
3 396
3 396
3 396
3 396
3 396
3 397
3 397
3 397
3 397
3 397
3 397
3 397
3 397
3 397
3 397
3 397
3 397
3 397
3 397
3 397
3 397
3 397
3 397
3 397
3 397
3 397
3 397
3 397
3 397
3 397
3 397
3 397
3 397
3 397
3 397
3 397
3 397
3 397
3 397
3 397
3 397
3 397
3 397
3 397
3 397
3 397
3 397
3 397
3 397
3 397
3 397
3 397
3 397
3 398
3 398
3 398
3 398
3 398
3 399
3 399
3 399
3 399
3 399
3 399
3 399
3 399
3 399
3 399
3 399
3 399
3 399
3 399
3 399
3 399
3 399
28 645
28 645
28 645
28 645
28 645
28 645
28 645
28 645
28 645
28 645
28 645
28 645
28 645
28 645
28 645
28 645
28 645
28 645
28 645
28 645
28 645
28 645
28 645
28 645
28 645
28 645
28 645
28 645
28 645
28 645
28 645
28 645
28 645
28 645
28 646
28 646
28 646
28 646
28 646
28 646
28 646
28 646
28 646
28 646
28 646
28 646
28 645
28 645
28 645
28 645
28 645
28 645
28 645
28 645
28 645
28 645
28 645
28 644
28 644
28 644
28 644
28 644
28 644
28 644
28 644
28 644
28 644
28 644
28 644
28 644
28 644
28 644
28 644
28 644
28 644
28 644
28 644
28 644
28 644
28 644
28 644
28 644
28 644
28 644
28 644
28 644
28 644
28 644
28 643
28 643
28 643
28 643
28 643
28 643
28 643
28 643
28 643
28 643
28 644
28 644
34 949
34 949
34 949
34 949
34 949
34 949
34 949
34 949
34 949
34 949
34 949
34 949
34 949
34 949
34 949
34 949
34 949
34 949
34 949
34 949
34 949
34 948
34 948
34 948
34 948
34 948
34 948
34 948
34 948
34 948
34 948
34 949
34 948
34 948
34 948
34 948
34 948
34 948
34 948
34 948
34 948
34 948
34 948
34 948
34 948
34 948
34 948
34 948
34 948
34 948
34 948
34 948
34 948
34 948
34 948
34 948
34 948
34 948
34 948
34 948
34 948
34 948
34 948
34 948
34 948
34 948
34 948
34 948
34 948
34 948
34 948
34 948
34 949
34 949
34 949
34 949
34 949
34 949
34 949
34 949
34 949
34 949
34 949
34 949
34 949
34 949
34 949
34 949
34 949
34 949
34 949
34 949
34 949
34 949
34 949
34 949
34 949
34 949
34 949
34 949
29 157
29 157
29 157
29 157
29 157
29 157
29 157
29 157
29 157
29 157
29 157
29 157
29 157
29 157
29 157
29 157
29 157
29 157
29 157
29 157
29 157
29 157
29 157
29 157
29 157
29 157
29 157
29 157
29 157
29 158
29 158
29 158
29 158
29 158
29 158
29 158
29 158
29 158
29 158
29 158
29 158
29 158
29 158
29 158
29 158
29 158
29 158
29 158
29 158
29 158
29 158
29 158
29 158
29 158
29 158
29 158
29 158
29 158
29 158
29 158
29 158
29 158
29 158
29 158
29 158
29 158
29 158
29 158
29 158
29 158
29 158
29 158
29 158
29 157
29 157
29 157
29 157
29 157
29 157
29 157
29 157
29 157
29 157
29 157
29 157
29 157
29 157
29 157
29 157
29 157
29 157
29 157
29 157
29 157
29 157
29 157
29 157
29 157
29 157
29 157
40 472
40 472
40 472
40 472
40 472
40 472
40 472
40 472
40 472
40 473
40 473
40 473
40 473
40 473
40 473
40 473
40 473
40 473
40 473
40 473
40 473
40 473
40 473
40 472
40 472
40 472
40 472
40 472
40 472
40 472
40 472
40 472
40 472
40 472
40 472
40 472
40 472
40 472
40 472
40 472
40 472
40 472
40 472
40 472
40 472
40 472
40 472
40 472
40 472
40 471
40 471
40 471
40 471
40 471
40 471
40 471
40 471
40 471
40 471
40 471
40 471
40 471
40 471
40 471
40 471
40 471
40 471
40 471
40 471
40 471
40 471
40 471
40 471
40 471
40 470
40 470
40 470
40 470
40 470
40 470
40 471
40 471
40 471
40 471
40 471
40 471
40 471
40 471
40 471
40 471
40 471
40 471
40 471
40 471
40 471
40 471
40 471
40 470
40 470
40 470
6 548
6 548
6 548
6 548
6 548
6 548
6 548
6 548
6 548
6 548
6 548
6 548
6 548
6 548
6 548
6 548
6 548
6 548
6 548
6 548
6 549
6 549
6 549
6 549
6 549
6 549
6 549
6 549
6 549
6 548
6 548
6 548
6 548
6 548
6 548
6 548
6 548
6 548
6 548
6 548
6 548
6 548
6 548
6 548
6 548
6 548
6 548
6 548
6 548
6 548
6 548
6 548
6 548
6 548
6 548
6 548
6 548
6 548
6 548
6 548
6 548
6 548
6 548
6 548
6 548
6 548
6 548
6 548
6 548
6 548
6 548
6 548
6 548
6 548
6 548
6 548
6 548
6 548
6 548
6 548
6 548
6 548
6 548
6 548
6 548
6 548
6 548
6 548
6 548
6 548
6 548
6 548
6 548
6 548
6 548
6 548
6 548
6 548
6 548
6 548
16 137
16 137
16 137
16 137
16 137
16 137
16 137
16 137
16 137
16 137
16 137
16 137
16 136
16 136
16 136
16 136
16 136
16 136
16 136
16 136
16 136
16 136
16 136
16 136
16 136
16 136
16 136
16 135
16 135
16 135
16 135
16 135
16 135
16 135
16 135
16 135
16 135
16 135
16 135
16 135
16 135
16 135
16 135
16 135
16 135
16 135
16 135
16 135
16 135
16 135
16 135
16 135
16 135
16 135
16 135
16 135
16 135
16 136
16 136
16 136
16 136
16 136
16 136
16 136
16 136
16 135
16 135
16 135
16 135
16 135
16 135
16 135
16 135
16 134
16 134
16 134
16 134
16 134
16 134
16 134
16 134
16 134
16 134
16 134
16 134
16 134
16 134
16 134
16 134
16 135
16 135
16 135
16 135
16 135
16 135
16 135
16 135
16 135
16 136
16 136
24 163
24 163
24 163
24 163
24 163
24 163
24 163
24 163
24 163
24 163
24 163
24 163
24 163
24 163
24 163
24 163
24 163
24 163
24 163
24 164
24 164
24 164
24 164
24 163
24 163
24 163
24 163
24 163
24 163
24 163
24 163
24 163
24 163
24 163
24 163
24 163
24 163
24 163
24 163
24 164
24 164
24 164
24 164
24 164
24 164
24 164
24 164
24 164
24 164
24 164
24 164
24 163
24 163
24 163
24 163
24 163
24 163
24 163
24 163
24 163
24 163
24 163
24 163
24 163
24 163
24 163
24 163
24 163
24 163
24 163
24 163
24 163
24 163
24 163
24 163
24 163
24 163
24 163
24 163
24 163
24 164
24 164
24 164
24 164
24 164
24 164
24 164
24 164
24 164
24 164
24 165
24 165
24 165
24 165
24 165
24 165
24 165
24 165
24 165
24 165
41 29
41 29
41 29
41 29
41 29
41 29
41 29
41 29
41 29
41 29
41 29
41 29
41 29
41 29
41 29
41 29
41 29
41 29
41 29
41 29
41 29
41 29
41 29
41 29
41 29
41 29
41 29
41 29
41 29
41 29
41 29
41 29
41 29
41 29
41 29
41 29
41 29
41 29
41 29
41 29
41 29
41 29
41 29
41 29
41 29
41 29
41 29
41 29
41 29
41 29
41 29
41 29
41 29
41 29
41 29
41 29
41 29
41 29
41 29
41 29
41 29
41 29
41 29
41 29
41 29
41 29
41 29
41 29
41 28
41 28
41 28
41 28
41 28
41 28
41 28
41 28
41 28
41 27
41 27
41 27
41 27
41 27
41 27
41 27
41 27
41 27
41 27
41 27
41 27
41 27
41 27
41 27
41 27
41 27
41 27
41 27
41 27
41 27
41 27
41 27
1 749
1 748
1 748
1 748
1 747
1 747
1 747
1 746
1 746
1 746
1 746
1 746
1 746
1 746
1 746
1 746
1 746
1 746
1 746
1 746
1 746
1 746
1 746
1 746
1 746
1 746
1 745
1 745
1 745
1 745
1 745
1 745
1 745
1 745
1 745
1 745
1 745
1 745
1 745
1 745
1 745
1 745
1 745
1 745
1 745
1 745
1 746
1 746
1 746
1 746
1 746
1 746
1 747
1 747
1 747
1 747
1 747
1 747
1 747
1 747
1 747
1 747
1 747
1 747
1 747
1 747
1 747
1 747
1 747
1 747
1 747
1 747
1 747
1 747
1 747
1 747
1 747
1 747
1 747
1 747
1 747
1 747
1 747
1 747
1 747
1 747
1 747
1 747
1 747
1 747
1 747
1 747
1 747
1 747
1 747
1 747
1 747
1 747
1 747
1 747
29 157
29 157
29 157
29 156
29 156
29 156
29 155
29 155
29 155
29 155
29 155
29 155
29 155
29 155
29 155
29 155
29 155
29 155
29 155
29 155
29 155
29 155
29 155
29 155
29 155
29 155
29 155
29 155
29 155
29 155
29 155
29 154
29 154
29 154
29 154
29 154
29 154
29 154
29 154
29 154
29 154
29 154
29 154
29 154
29 154
29 154
29 154
29 154
29 154
29 154
29 154
29 154
29 154
29 154
29 154
29 154
29 154
29 154
29 154
29 154
29 154
29 154
29 154
29 154
29 153
29 153
29 153
29 153
29 153
29 153
29 153
29 153
29 153
29 153
29 153
29 153
29 153
29 153
29 153
29 153
29 153
29 153
29 153
29 153
29 153
29 153
29 153
29 152
29 152
29 152
29 152
29 152
29 152
29 152
29 152
29 152
29 152
29 152
29 152
29 152
22 275
22 275
22 275
22 275
22 275
22 275
22 275
22 275
22 275
22 275
22 275
22 275
22 275
22 275
22 275
22 275
22 274
22 274
22 274
22 274
22 274
22 273
22 272
22 272
22 272
22 272
22 272
22 272
22 272
22 272
22 272
22 272
22 272
22 272
22 272
22 272
22 272
22 272
22 272
22 272
22 272
22 272
22 272
22 272
22 272
22 272
22 272
22 272
22 272
22 272
22 272
22 272
22 272
22 272
22 272
22 272
22 272
22 272
22 272
22 272
22 272
22 272
22 272
22 272
22 272
22 272
22 272
22 272
22 272
22 272
22 272
22 272
22 272
22 272
22 272
22 272
22 272
22 272
22 272
22 272
22 272
22 272
22 272
22 272
22 272
22 272
22 272
22 272
22 272
22 272
22 272
22 272
22 272
22 272
22 272
22 272
22 272
22 272
22 272
22 272
46 964
46 963
46 963
46 963
46 963
46 962
46 962
46 962
46 962
46 962
46 962
46 962
46 962
46 962
46 962
46 962
46 962
46 962
46 962
46 962
46 962
46 962
46 962
46 962
46 962
46 962
46 962
46 962
46 962
46 962
46 962
46 962
46 962
46 962
46 962
46 962
46 962
46 962
46 962
46 962
46 962
46 962
46 962
46 962
46 962
46 962
46 962
46 962
46 962
46 962
46 962
46 962
46 962
46 962
46 962
46 962
46 962
46 962
46 962
46 962
46 962
46 962
46 962
46 962
46 962
46 962
46 962
46 962
46 962
46 962
46 962
46 962
46 962
46 962
46 962
46 962
46 962
46 962
46 962
46 962
46 962
46 962
46 962
46 962
46 962
46 962
46 962
46 962
46 962
46 962
46 962
46 962
46 962
46 962
46 962
46 962
46 962
46 962
46 962
46 962
22 272
22 272
22 272
22 272
22 272
22 272
22 272
22 272
22 272
22 272
22 272
22 272
22 272
22 272
22 272
22 272
22 272
22 272
22 272
22 272
22 272
22 272
22 272
22 272
22 272
22 272
22 272
22 272
22 272
22 272
22 272
22 272
22 272
22 272
22 272
22 273
22 273
22 273
22 273
22 273
22 273
22 273
22 273
22 274
22 274
22 274
22 274
22 275
22 275
22 275
22 275
22 275
22 275
22 275
22 276
22 276
22 276
22 276
22 276
22 276
22 276
22 276
22 276
22 276
22 276
22 276
22 276
22 276
22 276
22 276
22 276
22 276
22 276
22 276
22 276
22 276
22 276
22 276
22 276
22 276
22 276
22 277
22 277
22 277
22 277
22 277
22 277
22 277
22 277
22 277
22 277
22 277
22 277
22 277
22 277
22 277
22 277
22 277
22 277
22 277
44 11
44 11
44 12
44 12
44 12
44 12
44 12
44 12
44 12
44 12
44 12
44 12
44 12
44 12
44 12
44 12
44 12
44 12
44 12
44 12
44 12
44 12
44 12
44 12
44 12
44 12
44 12
44 12
44 12
44 12
44 12
44 12
44 12
44 12
44 12
44 12
44 12
44 12
44 12
44 12
44 12
44 12
44 12
44 12
44 12
44 12
44 12
44 12
44 11
44 11
44 11
44 11
44 11
44 11
44 11
44 11
44 11
44 11
44 11
44 11
44 11
44 11
44 11
44 11
44 11
44 11
44 11
44 11
44 11
44 11
44 11
44 11
44 11
44 11
44 11
44 11
44 11
44 11
44 11
44 11
44 11
44 11
44 11
44 11
44 11
44 11
44 11
44 11
44 11
44 11
44 11
44 11
44 11
44 11
44 11
44 11
44 11
44 11
44 11
44 11
8 911
8 911
8 911
8 911
8 911
8 911
8 911
8 911
8 911
8 911
8 911
8 911
8 911
8 911
8 911
8 911
8 911
8 910
8 910
8 910
8 910
8 910
8 910
8 910
8 910
8 910
8 910
8 910
8 910
8 910
8 910
8 910
8 910
8 910
8 910
8 910
8 910
8 910
8 910
8 910
8 910
8 910
8 910
8 910
8 910
8 910
8 910
8 910
8 910
8 910
8 910
8 910
8 910
8 910
8 910
8 910
8 910
8 910
8 910
8 910
8 910
8 910
8 910
8 910
8 910
8 911
8 911
8 911
8 911
8 911
8 911
8 911
8 911
8 911
8 911
8 911
8 911
8 911
8 911
8 911
8 911
8 911
8 911
8 911
8 911
8 910
8 910
8 910
8 910
8 910
8 910
8 910
8 910
8 910
8 910
8 910
8 910
8 910
8 910
8 910
4 371
4 371
4 371
4 371
4 371
4 370
4 370
4 370
4 370
4 370
4 370
4 370
4 370
4 370
4 370
4 370
4 370
4 370
4 370
4 370
4 370
4 371
4 371
4 371
4 371
4 371
4 371
4 371
4 370
4 370
4 370
4 370
4 370
4 370
4 370
4 370
4 369
4 369
4 369
4 369
4 369
4 369
4 369
4 369
4 369
4 369
4 369
4 369
4 369
4 369
4 369
4 369
4 369
4 369
4 369
4 369
4 369
4 369
4 369
4 369
4 369
4 369
4 369
4 369
4 369
4 369
4 369
4 369
4 369
4 369
4 369
4 369
4 369
4 369
4 369
4 369
4 369
4 369
4 369
4 369
4 369
4 369
4 369
4 369
4 369
4 369
4 369
4 369
4 369
4 369
4 369
4 369
4 369
4 370
4 370
4 370
4 370
4 370
4 370
4 370
13 823
13 823
13 823
13 823
13 823
13 823
13 823
13 823
13 823
13 822
13 822
13 822
13 822
13 822
13 822
13 822
13 823
13 823
13 823
13 823
13 823
13 823
13 823
13 823
13 823
13 823
13 823
13 823
13 823
13 823
13 822
13 823
13 822
13 822
13 822
13 822
13 822
13 822
13 822
13 822
13 822
13 822
13 822
13 822
13 823
13 823
13 823
13 823
13 823
13 823
13 823
13 823
13 823
13 823
13 823
13 823
13 823
13 823
13 823
13 823
13 823
13 823
13 822
13 822
13 822
13 822
13 822
13 822
13 822
13 823
13 823
13 824
13 824
13 824
13 824
13 824
13 824
13 824
13 824
13 824
13 824
13 824
13 824
13 824
13 824
13 824
13 824
13 824
13 824
13 824
13 824
13 824
13 824
13 824
13 824
13 823
13 823
13 823
13 823
13 823
28 644
28 644
28 644
28 644
28 644
28 644
28 644
28 644
28 644
28 644
28 644
28 644
28 645
28 645
28 645
28 645
28 645
28 645
28 645
28 645
28 645
28 645
28 645
28 645
28 645
28 645
28 645
28 645
28 644
28 644
28 644
28 644
28 644
28 644
28 644
28 644
28 644
28 644
28 644
28 644
28 644
28 644
28 644
28 644
28 644
28 644
28 644
28 644
28 644
28 644
28 644
28 644
28 644
28 644
28 643
28 643
28 643
28 643
28 643
28 643
28 643
28 643
28 644
28 644
28 644
28 644
28 644
28 644
28 643
28 643
28 643
28 643
28 643
28 643
28 643
28 643
28 643
28 643
28 644
28 644
28 644
28 644
28 644
28 644
28 644
28 644
28 644
28 644
28 644
28 644
28 644
28 644
28 644
28 644
28 644
28 644
28 644
28 644
28 644
28 644
13 823
13 823
13 823
13 823
13 823
13 823
13 823
13 823
13 823
13 823
13 823
13 823
13 823
13 823
13 823
13 823
13 823
13 823
13 823
13 823
13 823
13 823
13 823
13 823
13 823
13 823
13 823
13 823
13 823
13 823
13 823
13 823
13 823
13 823
13 823
13 823
13 823
13 823
13 823
13 823
13 823
13 823
13 823
13 823
13 823
13 823
13 823
13 823
13 823
13 823
13 823
13 823
13 823
13 823
13 823
13 823
13 823
13 823
13 823
13 823
13 823
13 823
13 823
13 823
13 823
13 823
13 823
13 823
13 823
13 823
13 823
13 823
13 823
13 823
13 823
13 823
13 823
13 823
13 823
13 823
13 823
13 823
13 823
13 823
13 823
13 823
13 823
13 823
13 823
13 823
13 823
13 823
13 823
13 823
13 823
13 823
13 824
13 824
13 824
13 824
7 165
7 165
7 165
7 165
7 165
7 165
7 165
7 165
7 165
7 165
7 165
7 165
7 165
7 165
7 165
7 165
7 165
7 165
7 165
7 165
7 165
7 165
7 164
7 164
7 164
7 164
7 164
7 164
7 164
7 164
7 164
7 164
7 164
7 164
7 164
7 164
7 164
7 164
7 164
7 164
7 164
7 164
7 164
7 164
7 164
7 164
7 164
7 164
7 164
7 164
7 164
7 164
7 164
7 164
7 164
7 164
7 163
7 163
7 162
7 162
7 162
7 161
7 161
7 161
7 161
7 162
7 162
7 162
7 162
7 162
7 162
7 162
7 162
7 162
7 162
7 162
7 162
7 162
7 163
7 163
7 163
7 163
7 163
7 163
7 163
7 163
7 163
7 163
7 163
7 163
7 163
7 162
7 162
7 162
7 162
7 162
7 162
7 162
7 162
7 162
31 103
31 103
31 103
31 104
31 104
31 104
31 104
31 104
31 104
31 104
31 104
31 104
31 104
31 104
31 104
31 104
31 104
31 104
31 104
31 104
31 104
31 104
31 104
31 104
31 104
31 104
31 104
31 104
31 104
31 104
31 104
31 104
31 104
31 104
31 104
31 104
31 104
31 104
31 104
31 104
31 104
31 104
31 104
31 104
31 104
31 103
31 103
31 103
31 103
31 103
31 103
31 103
31 103
31 103
31 103
31 103
31 103
31 103
31 103
31 103
31 103
31 103
31 103
31 103
31 103
31 103
31 103
31 103
31 103
31 103
31 103
31 103
31 103
31 103
31 103
31 103
31 103
31 103
31 103
31 103
31 103
31 103
31 103
31 103
31 103
31 103
31 103
31 103
31 103
31 103
31 103
31 103
31 103
31 103
31 103
31 103
31 103
31 103
31 103
31 103
47 876
47 876
47 876
47 876
47 876
47 876
47 876
47 876
47 876
47 876
47 876
47 876
47 876
47 876
47 876
47 876
47 876
47 876
47 876
47 876
47 876
47 876
47 876
47 876
47 876
47 876
47 876
47 876
47 876
47 876
47 876
47 876
47 876
47 876
47 876
47 876
47 876
47 876
47 876
47 876
47 876
47 876
47 876
47 876
47 876
47 876
47 876
47 876
47 876
47 876
47 876
47 876
47 876
47 876
47 876
47 876
47 876
47 875
47 875
47 875
47 875
47 875
47 875
47 875
47 875
47 876
47 876
47 876
47 876
47 876
47 876
47 876
47 876
47 876
47 876
47 876
47 876
47 876
47 876
47 876
47 876
47 876
47 877
47 877
47 877
47 877
47 877
47 877
47 877
47 877
47 877
47 877
47 877
47 877
47 877
47 877
47 877
47 877
47 877
47 876
31 102
31 102
31 102
31 102
31 102
31 102
31 102
31 102
31 102
31 102
31 102
31 102
31 102
31 102
31 102
31 102
31 102
31 102
31 102
31 102
31 102
31 102
31 102
31 102
31 102
31 103
31 103
31 102
31 102
31 102
31 102
31 102
31 102
31 102
31 102
31 102
31 102
31 102
31 102
31 102
31 102
31 102
31 102
31 102
31 102
31 102
31 102
31 102
31 102
31 102
31 102
31 102
31 102
31 102
31 102
31 102
31 102
31 102
31 102
31 102
31 102
31 102
31 102
31 102
31 102
31 102
31 102
31 102
31 102
31 102
31 102
31 102
31 102
31 102
31 102
31 102
31 102
31 102
31 102
31 102
31 102
31 102
31 102
31 102
31 102
31 102
31 102
31 102
31 102
31 103
31 103
31 103
31 103
31 103
31 103
31 103
31 103
31 103
31 103
31 103
23 85
23 85
23 85
23 85
23 85
23 85
23 85
23 85
23 85
23 85
23 85
23 85
23 85
23 85
23 85
23 85
23 85
23 85
23 85
23 85
23 85
23 85
23 85
23 85
23 85
23 85
23 85
23 85
23 85
23 85
23 85
23 85
23 85
23 85
23 85
23 85
23 85
23 85
23 85
23 85
23 85
23 85
23 85
23 85
23 85
23 85
23 85
23 85
23 85
23 85
23 85
23 85
23 85
23 85
23 85
23 85
23 85
23 85
23 85
23 85
23 85
23 85
23 85
23 85
23 85
23 85
23 85
23 85
23 85
23 85
23 85
23 85
23 85
23 85
23 85
23 85
23 85
23 85
23 85
23 85
23 85
23 85
23 85
23 85
23 85
23 85
23 85
23 85
23 85
23 85
23 85
23 85
23 85
23 85
23 85
23 85
23 85
23 85
23 85
23 84
20 164
20 164
20 164
20 164
20 164
20 164
20 164
20 164
20 164
20 164
20 164
20 164
20 164
20 164
20 164
20 164
20 164
20 164
20 164
20 164
20 164
20 164
20 164
20 164
20 164
20 164
20 164
20 164
20 164
20 164
20 164
20 164
20 164
20 164
20 164
20 164
20 164
20 164
20 164
20 164
20 164
20 164
20 164
20 164
20 164
20 164
20 164
20 164
20 164
20 164
20 164
20 164
20 164
20 164
20 164
20 164
20 164
20 164
20 164
20 164
20 164
20 164
20 164
20 164
20 163
20 163
20 163
20 163
20 163
20 163
20 163
20 163
20 163
20 163
20 163
20 163
20 163
20 163
20 163
20 163
20 163
20 163
20 163
20 163
20 163
20 163
20 164
20 164
20 164
20 164
20 164
20 164
20 164
20 163
20 163
20 163
20 163
20 163
20 163
20 163
15 391
15 391
15 391
15 391
15 391
15 391
15 391
15 391
15 391
15 391
15 391
15 391
15 391
15 391
15 391
15 391
15 391
15 391
15 391
15 391
15 391
15 391
15 391
15 391
15 391
15 391
15 391
15 391
15 391
15 391
15 391
15 391
15 391
15 391
15 391
15 391
15 391
15 391
15 391
15 391
15 391
15 391
15 391
15 391
15 391
15 391
15 391
15 391
15 391
15 391
15 391
15 391
15 391
15 391
15 391
15 391
15 390
15 390
15 390
15 390
15 390
15 390
15 390
15 390
15 389
15 389
15 389
15 389
15 389
15 389
15 389
15 389
15 389
15 389
15 389
15 389
15 389
15 389
15 390
15 390
15 390
15 390
15 390
15 390
15 390
15 390
15 390
15 390
15 390
15 390
15 390
15 390
15 390
15 389
15 388
15 388
15 388
15 388
15 388
15 388
30 741
30 741
30 741
30 741
30 741
30 741
30 741
30 741
30 741
30 741
30 741
30 741
30 741
30 741
30 741
30 741
30 741
30 741
30 741
30 741
30 740
30 740
30 740
30 740
30 740
30 740
30 740
30 740
30 740
30 740
30 740
30 740
30 740
30 740
30 741
30 742
30 742
30 742
30 742
30 742
30 742
30 742
30 743
30 743
30 743
30 743
30 743
30 743
30 743
30 743
30 743
30 743
30 743
30 743
30 743
30 743
30 743
30 743
30 743
30 743
30 743
30 743
30 743
30 743
30 743
30 743
30 743
30 744
30 744
30 744
30 744
30 744
30 744
30 744
30 744
30 744
30 744
30 744
30 744
30 744
30 744
30 744
30 744
30 744
30 744
30 743
30 743
30 743
30 743
30 743
30 743
30 743
30 743
30 743
30 743
30 743
30 743
30 743
30 743
30 743
9 796
9 796
9 796
9 796
9 796
9 796
9 796
9 796
9 796
9 796
9 796
9 796
9 796
9 796
9 796
9 796
9 796
9 795
9 795
9 795
9 795
9 795
9 795
9 795
9 795
9 795
9 795
9 795
9 795
9 795
9 795
9 795
9 795
9 795
9 795
9 795
9 795
9 795
9 796
9 796
9 796
9 796
9 796
9 796
9 796
9 796
9 796
9 796
9 796
9 796
9 796
9 796
9 796
9 796
9 796
9 796
9 796
9 796
9 796
9 795
9 795
9 795
9 795
9 795
9 795
9 795
9 795
9 795
9 795
9 795
9 795
9 795
9 795
9 795
9 795
9 795
9 795
9 795
9 795
9 795
9 795
9 795
9 795
9 795
9 795
9 795
9 794
9 794
9 794
9 794
9 794
9 794
9 794
9 794
9 794
9 794
9 794
9 794
9 794
9 794
22 277
22 277
22 277
22 277
22 277
22 277
22 277
22 277
22 277
22 277
22 277
22 277
22 277
22 277
22 277
22 277
22 277
22 277
22 277
22 277
22 277
22 277
22 277
22 277
22 276
22 276
22 276
22 276
22 276
22 276
22 276
22 276
22 276
22 277
22 277
22 277
22 277
22 277
22 277
22 277
22 277
22 277
22 277
22 277
22 277
22 277
22 277
22 277
22 277
22 277
22 277
22 277
22 277
22 277
22 278
22 278
22 278
22 278
22 278
22 278
22 278
22 278
22 278
22 278
22 278
22 278
22 278
22 278
22 278
22 278
22 278
22 278
22 278
22 278
22 278
22 278
22 278
22 278
22 278
22 278
22 278
22 277
22 277
22 277
22 278
22 278
22 278
22 278
22 278
22 278
22 278
22 278
22 278
22 278
22 278
22 278
22 278
22 278
22 278
22 278
21 311
21 310
21 310
21 310
21 310
21 310
21 310
21 310
21 310
21 310
21 310
21 310
21 310
21 310
21 310
21 310
21 310
21 310
21 310
21 310
21 310
21 311
21 311
21 311
21 311
21 310
21 310
21 310
21 310
21 310
21 310
21 310
21 310
21 310
21 310
21 310
21 310
21 310
21 310
21 310
21 309
21 309
21 309
21 309
21 309
21 309
21 309
21 309
21 309
21 309
21 309
21 309
21 309
21 308
21 308
21 308
21 308
21 308
21 308
21 308
21 308
21 308
21 308
21 308
21 308
21 307
21 307
21 307
21 307
21 307
21 307
21 307
21 307
21 307
21 307
21 307
21 307
21 307
21 307
21 307
21 307
21 307
21 307
21 307
21 307
21 307
21 307
21 307
21 307
21 307
21 307
21 307
21 307
21 307
21 308
21 308
21 308
21 308
21 308
21 308
12 582
12 582
12 582
12 582
12 582
12 582
12 582
12 582
12 582
12 582
12 582
12 582
12 582
12 582
12 582
12 582
12 582
12 582
12 582
12 582
12 582
12 582
12 582
12 582
12 582
12 582
12 582
12 582
12 582
12 582
12 581
12 581
12 581
12 581
12 581
12 581
12 581
12 581
12 581
12 581
12 581
12 581
12 581
12 581
12 581
12 581
12 581
12 581
12 580
12 580
12 580
12 579
12 579
12 579
12 579
12 579
12 579
12 579
12 579
12 579
12 579
12 579
12 578
12 578
12 578
12 578
12 578
12 578
12 578
12 578
12 578
12 578
12 578
12 578
12 578
12 578
12 577
12 577
12 577
12 577
12 577
12 577
12 577
12 577
12 577
12 577
12 577
12 577
12 577
12 577
12 577
12 577
12 577
12 577
12 577
12 577
12 576
12 576
12 576
12 576
2 451
2 451
2 451
2 451
2 451
2 451
2 451
2 451
2 451
2 451
2 451
2 451
2 451
2 450
2 450
2 450
2 450
2 450
2 450
2 450
2 450
2 450
2 450
2 450
2 450
2 450
2 451
2 451
2 451
2 451
2 451
2 451
2 451
2 451
2 451
2 451
2 450
2 450
2 450
2 450
2 450
2 450
2 450
2 450
2 450
2 450
2 450
2 450
2 450
2 450
2 450
2 450
2 450
2 450
2 450
2 450
2 450
2 450
2 450
2 450
2 450
2 450
2 450
2 451
2 451
2 451
2 451
2 451
2 451
2 450
2 450
2 450
2 450
2 450
2 450
2 450
2 450
2 450
2 450
2 450
2 450
2 450
2 450
2 450
2 450
2 450
2 450
2 450
2 450
2 450
2 450
2 450
2 450
2 450
2 450
2 450
2 450
2 450
2 450
2 450
7 162
7 162
7 162
7 162
7 162
7 162
7 162
7 162
7 161
7 161
7 162
7 162
7 162
7 162
7 162
7 162
7 162
7 162
7 162
7 163
7 163
7 162
7 162
7 162
7 162
7 162
7 162
7 162
7 162
7 162
7 162
7 162
7 162
7 162
7 162
7 162
7 162
7 162
7 162
7 162
7 162
7 162
7 162
7 162
7 162
7 162
7 162
7 162
7 162
7 162
7 162
7 162
7 162
7 162
7 162
7 162
7 162
7 162
7 162
7 162
7 162
7 161
7 161
7 161
7 161
7 161
7 161
7 161
7 161
7 161
7 161
7 161
7 161
7 161
7 161
7 161
7 161
7 161
7 161
7 161
7 161
7 161
7 161
7 161
7 162
7 162
7 162
7 162
7 162
7 162
7 162
7 162
7 162
7 162
7 162
7 162
7 162
7 162
7 162
7 162
43 113
43 113
43 113
43 113
43 113
43 113
43 113
43 113
43 113
43 113
43 113
43 113
43 113
43 113
43 113
43 113
43 113
43 113
43 113
43 113
43 113
43 113
43 113
43 113
43 113
43 113
43 113
43 113
43 113
43 113
43 113
43 113
43 113
43 113
43 113
43 113
43 113
43 113
43 113
43 113
43 113
43 113
43 113
43 113
43 113
43 113
43 113
43 113
43 113
43 113
43 113
43 113
43 113
43 113
43 113
43 113
43 113
43 113
43 113
43 113
43 113
43 113
43 113
43 113
43 113
43 113
43 113
43 113
43 113
43 113
43 113
43 113
43 113
43 113
43 113
43 113
43 113
43 113
43 113
43 113
43 113
43 113
43 113
43 113
43 113
43 113
43 113
43 113
43 113
43 113
43 113
43 113
43 113
43 113
43 113
43 113
43 113
43 113
43 113
43 113
43 113
43 113
43 113
43 113
43 113
43 113
43 113
43 113
43 113
43 113
43 113
43 113
43 113
43 113
43 113
43 113
43 113
43 113
43 113
43 113
43 114
43 114
43 114
43 114
43 115
43 115
43 115
43 115
43 115
43 115
43 115
43 115
43 116
43 116
43 116
43 116
43 116
43 116
43 116
43 116
43 116
43 116
43 116
43 116
43 116
43 116
43 116
43 116
43 116
43 116
43 116
43 116
43 116
43 116
43 116
43 116
43 116
43 116
43 116
43 116
43 116
43 116
43 116
43 116
43 116
43 116
43 115
43 115
43 115
43 115
43 115
43 115
43 115
43 115
43 115
43 115
43 115
43 115
43 115
43 115
43 115
43 115
43 115
43 115
43 115
43 115
43 115
43 115
43 115
43 115
43 115
43 115
43 114
43 114
43 114
43 114
43 114
43 115
43 115
43 115
13 824
13 824
13 824
13 824
13 824
13 824
13 824
13 824
13 824
13 824
13 824
13 824
13 824
13 824
13 824
13 824
13 824
13 824
13 824
13 824
13 824
13 824
13 824
13 824
13 824
13 824
13 823
13 823
13 823
13 823
13 823
13 823
13 824
13 824
13 824
13 824
13 824
13 824
13 824
13 824
13 824
13 824
13 824
13 824
13 824
13 824
13 824
13 824
13 824
13 824
13 823
13 823
13 823
13 823
13 823
13 823
13 823
13 823
13 823
13 823
13 823
13 822
13 822
13 823
13 823
13 823
13 823
13 823
13 823
13 823
13 823
13 824
13 824
13 824
13 824
13 824
13 824
13 824
13 824
13 824
13 824
13 824
13 824
13 824
13 824
13 825
13 824
13 824
13 824
13 824
13 824
13 824
13 824
13 824
13 824
13 825
13 825
13 825
13 825
13 825
10 272
10 272
10 272
10 272
10 271
10 271
10 271
10 271
10 271
10 271
10 271
10 271
10 271
10 271
10 271
10 271
10 271
10 271
10 271
10 271
10 271
10 271
10 271
10 271
10 271
10 271
10 271
10 271
10 271
10 271
10 271
10 271
10 271
10 271
10 271
10 271
10 271
10 271
10 271
10 271
10 271
10 271
10 271
10 271
10 271
10 271
10 271
10 271
10 271
10 271
10 271
10 271
10 271
10 271
10 271
10 271
10 271
10 271
10 271
10 271
10 271
10 271
10 271
10 271
10 271
10 271
10 271
10 271
10 271
10 271
10 271
10 271
10 271
10 271
10 271
10 271
10 271
10 272
10 272
10 272
10 272
10 272
10 272
10 272
10 272
10 272
10 272
10 272
10 273
10 273
10 273
10 273
10 273
10 273
10 273
10 273
10 273
10 273
10 273
10 273
17 38
17 38
17 38
17 38
17 38
17 38
17 38
17 38
17 38
17 38
17 38
17 38
17 38
17 38
17 38
17 38
17 38
17 38
17 38
17 38
17 38
17 38
17 38
17 38
17 38
17 38
17 38
17 38
17 38
17 38
17 38
17 38
17 38
17 38
17 38
17 38
17 38
17 38
17 38
17 38
17 38
17 38
17 38
17 37
17 37
17 37
17 37
17 37
17 37
17 37
17 37
17 37
17 37
17 37
17 37
17 37
17 37
17 37
17 37
17 37
17 37
17 37
17 37
17 37
17 37
17 37
17 37
17 37
17 37
17 37
17 37
17 37
17 37
17 37
17 37
17 37
17 37
17 37
17 37
17 37
17 37
17 37
17 37
17 37
17 37
17 37
17 37
17 37
17 37
17 37
17 37
17 37
17 37
17 37
17 37
17 37
17 37
17 37
17 37
17 37
5 308
5 308
5 308
5 308
5 308
5 308
5 308
5 308
5 308
5 308
5 308
5 308
5 308
5 308
5 308
5 308
5 308
5 308
5 308
5 308
5 308
5 308
5 308
5 308
5 308
5 308
5 308
5 308
5 308
5 308
5 308
5 308
5 308
5 308
5 308
5 308
5 308
5 308
5 308
5 308
5 308
5 308
5 308
5 308
5 308
5 308
5 308
5 308
5 308
5 308
5 308
5 307
5 307
5 307
5 307
5 307
5 307
5 307
5 307
5 307
5 307
5 307
5 307
5 307
5 307
5 307
5 307
5 308
5 308
5 308
5 307
5 306
5 307
5 307
5 307
5 307
5 307
5 307
5 306
5 306
5 306
5 306
5 306
5 306
5 307
5 307
5 307
5 307
5 307
5 307
5 307
5 307
5 307
5 306
5 306
5 306
5 306
5 306
5 306
5 306
11 484
11 484
11 484
11 484
11 484
11 484
11 485
11 485
11 485
11 485
11 485
11 485
11 485
11 485
11 485
11 485
11 485
11 485
11 485
11 485
11 485
11 485
11 485
11 485
11 486
11 486
11 486
11 486
11 486
11 486
11 486
11 486
11 486
11 486
11 486
11 486
11 485
11 485
11 485
11 485
11 485
11 485
11 485
11 485
11 485
11 485
11 485
11 485
11 485
11 485
11 485
11 485
11 485
11 485
11 485
11 486
11 486
11 486
11 486
11 486
11 486
11 486
11 485
11 485
11 485
11 485
11 485
11 485
11 485
11 485
11 485
11 485
11 485
11 485
11 485
11 485
11 486
11 486
11 486
11 486
11 486
11 486
11 486
11 486
11 486
11 486
11 486
11 486
11 486
11 486
11 486
11 486
11 486
11 486
11 486
11 486
11 485
11 485
11 485
11 485
47 876
47 876
47 876
47 875
47 875
47 875
47 875
47 875
47 875
47 875
47 875
47 875
47 875
47 875
47 875
47 875
47 875
47 875
47 875
47 875
47 875
47 875
47 875
47 875
47 875
47 875
47 875
47 875
47 875
47 875
47 874
47 874
47 874
47 874
47 874
47 874
47 875
47 875
47 875
47 875
47 875
47 875
47 875
47 875
47 875
47 875
47 875
47 875
47 875
47 875
47 875
47 875
47 875
47 875
47 875
47 875
47 875
47 875
47 875
47 875
47 875
47 875
47 875
47 875
47 875
47 875
47 875
47 875
47 875
47 875
47 875
47 875
47 875
47 875
47 875
47 875
47 875
47 875
47 875
47 875
47 875
47 875
47 875
47 875
47 875
47 875
47 875
47 875
47 875
47 875
47 875
47 875
47 875
47 875
47 875
47 875
47 875
47 875
47 875
47 875
29 152
29 152
29 152
29 153
29 153
29 153
29 153
29 153
29 152
29 152
29 152
29 152
29 152
29 152
29 152
29 152
29 151
29 151
29 151
29 151
29 151
29 151
29 151
29 151
29 151
29 151
29 151
29 151
29 151
29 151
29 151
29 151
29 151
29 151
29 151
29 151
29 151
29 151
29 151
29 151
29 150
29 150
29 150
29 150
29 150
29 150
29 150
29 150
29 150
29 150
29 150
29 150
29 150
29 150
29 149
29 149
29 149
29 149
29 149
29 149
29 149
29 149
29 149
29 149
29 149
29 149
29 149
29 149
29 149
29 149
29 149
29 149
29 149
29 149
29 149
29 149
29 149
29 149
29 149
29 149
29 149
29 149
29 149
29 149
29 149
29 149
29 149
29 149
29 149
29 149
29 149
29 149
29 149
29 149
29 149
29 149
29 149
29 149
29 149
29 149
8 911
8 911
8 911
8 911
8 911
8 911
8 911
8 911
8 911
8 911
8 911
8 911
8 911
8 911
8 911
8 912
8 912
8 912
8 912
8 912
8 912
8 913
8 913
8 913
8 913
8 913
8 914
8 914
8 914
8 914
8 914
8 914
8 914
8 914
8 914
8 914
8 915
8 915
8 915
8 914
8 914
8 914
8 914
8 914
8 914
8 914
8 914
8 914
8 914
8 914
8 914
8 914
8 914
8 913
8 913
8 913
8 913
8 913
8 913
8 913
8 913
8 913
8 913
8 913
8 913
8 913
8 913
8 913
8 913
8 913
8 913
8 913
8 913
8 913
8 913
8 913
8 913
8 913
8 913
8 913
8 913
8 913
8 913
8 913
8 913
8 913
8 913
8 913
8 913
8 913
8 913
8 912
8 912
8 913
8 913
8 913
8 913
8 913
8 913
8 913
21 308
21 308
21 308
21 308
21 308
21 308
21 308
21 308
21 308
21 308
21 308
21 308
21 308
21 308
21 308
21 308
21 308
21 308
21 308
21 308
21 308
21 307
21 306
21 306
21 306
21 306
21 306
21 306
21 306
21 306
21 306
21 306
21 306
21 306
21 306
21 306
21 306
21 306
21 306
21 306
21 306
21 306
21 306
21 306
21 306
21 306
21 306
21 306
21 306
21 306
21 306
21 306
21 306
21 306
21 306
21 306
21 306
21 307
21 307
21 307
21 307
21 307
21 307
21 307
21 307
21 307
21 307
21 307
21 307
21 307
21 307
21 307
21 307
21 307
21 307
21 307
21 307
21 306
21 306
21 306
21 306
21 306
21 306
21 306
21 306
21 306
21 306
21 306
21 306
21 306
21 306
21 306
21 306
21 306
21 306
21 306
21 306
21 306
21 306
21 306
23 84
23 85
23 85
23 85
23 85
23 85
23 85
23 85
23 85
23 85
23 85
23 85
23 85
23 85
23 85
23 85
23 85
23 85
23 85
23 85
23 85
23 85
23 85
23 85
23 85
23 85
23 85
23 85
23 85
23 85
23 85
23 85
23 85
23 85
23 85
23 85
23 85
23 85
23 85
23 85
23 85
23 85
23 85
23 85
23 85
23 85
23 86
23 86
23 86
23 86
23 86
23 86
23 86
23 86
23 86
23 86
23 86
23 87
23 87
23 87
23 87
23 87
23 87
23 87
23 87
23 87
23 87
23 87
23 87
23 87
23 87
23 87
23 87
23 87
23 87
23 87
23 87
23 87
23 87
23 87
23 87
23 87
23 87
23 87
23 87
23 87
23 87
23 87
23 87
23 87
23 87
23 87
23 87
23 87
23 87
23 87
23 87
23 87
23 87
23 87
18 963
18 963
18 963
18 963
18 963
18 963
18 963
18 963
18 963
18 963
18 963
18 963
18 963
18 963
18 963
18 963
18 963
18 963
18 963
18 963
18 963
18 963
18 963
18 963
18 963
18 963
18 963
18 963
18 963
18 963
18 963
18 963
18 963
18 963
18 963
18 963
18 963
18 963
18 963
18 963
18 963
18 963
18 964
18 964
18 964
18 964
18 965
18 965
18 965
18 965
18 966
18 966
18 966
18 966
18 966
18 966
18 966
18 966
18 966
18 966
18 966
18 966
18 966
18 966
18 966
18 966
18 966
18 966
18 965
18 965
18 965
18 965
18 965
18 965
18 965
18 965
18 965
18 965
18 965
18 965
18 964
18 964
18 964
18 964
18 964
18 964
18 964
18 964
18 964
18 964
18 964
18 964
18 964
18 964
18 964
18 964
18 964
18 964
18 964
18 964
25 485
25 485
25 485
25 485
25 485
25 485
25 485
25 485
25 485
25 485
25 485
25 485
25 485
25 485
25 485
25 485
25 485
25 485
25 485
25 485
25 485
25 485
25 485
25 485
25 486
25 486
25 486
25 486
25 486
25 486
25 486
25 486
25 486
25 486
25 486
25 486
25 486
25 486
25 486
25 486
25 486
25 486
25 486
25 486
25 486
25 486
25 486
25 485
25 485
25 485
25 485
25 485
25 485
25 485
25 485
25 485
25 485
25 485
25 485
25 485
25 485
25 485
25 485
25 484
25 484
25 484
25 484
25 484
25 484
25 484
25 484
25 484
25 484
25 484
25 485
25 485
25 485
25 485
25 485
25 485
25 485
25 485
25 485
25 485
25 485
25 485
25 485
25 485
25 485
25 485
25 485
25 485
25 485
25 485
25 485
25 485
25 485
25 485
25 485
25 485
38 964
38 964
38 964
38 964
38 964
38 964
38 964
38 964
38 964
38 964
38 964
38 964
38 964
38 964
38 964
38 964
38 964
38 964
38 964
38 964
38 964
38 964
38 964
38 964
38 964
38 964
38 964
38 964
38 964
38 964
38 964
38 964
38 964
38 964
38 964
38 964
38 964
38 964
38 964
38 964
38 964
38 964
38 964
38 964
38 964
38 963
38 963
38 962
38 962
38 961
38 961
38 961
38 961
38 961
38 961
38 961
38 961
38 961
38 962
38 962
38 962
38 962
38 962
38 962
38 962
38 962
38 962
38 962
38 962
38 962
38 962
38 962
38 962
38 962
38 962
38 962
38 962
38 962
38 962
38 962
38 962
38 962
38 962
38 962
38 962
38 962
38 962
38 962
38 962
38 962
38 962
38 962
38 962
38 962
38 962
38 962
38 962
38 962
38 962
38 962
49 876
49 876
49 876
49 876
49 876
49 876
49 876
49 876
49 876
49 876
49 876
49 876
49 876
49 876
49 876
49 876
49 876
49 876
49 876
49 876
49 876
49 876
49 876
49 875
49 875
49 875
49 875
49 875
49 875
49 875
49 875
49 875
49 875
49 875
49 875
49 875
49 875
49 876
49 876
49 876
49 876
49 876
49 876
49 876
49 876
49 876
49 876
49 877
49 877
49 877
49 877
49 877
49 877
49 877
49 877
49 877
49 877
49 877
49 877
49 877
49 877
49 877
49 877
49 877
49 877
49 877
49 877
49 877
49 877
49 877
49 877
49 877
49 877
49 878
49 878
49 878
49 878
49 878
49 878
49 878
49 878
49 879
49 879
49 879
49 879
49 879
49 879
49 879
49 879
49 879
49 879
49 879
49 878
49 878
49 878
49 878
49 878
49 878
49 878
49 878
40 470
40 470
40 470
40 470
40 470
40 470
40 470
40 470
40 470
40 469
40 469
40 469
40 469
40 469
40 469
40 469
40 469
40 469
40 469
40 469
40 469
40 469
40 469
40 469
40 469
40 469
40 469
40 469
40 469
40 469
40 469
40 469
40 469
40 469
40 469
40 469
40 469
40 469
40 469
40 469
40 469
40 469
40 469
40 469
40 469
40 469
40 469
40 469
40 469
40 469
40 469
40 469
40 469
40 469
40 469
40 470
40 470
40 470
40 470
40 470
40 472
40 472
40 472
40 472
40 472
40 472
40 472
40 472
40 472
40 472
40 472
40 472
40 472
40 472
40 472
40 472
40 472
40 472
40 472
40 472
40 472
40 472
40 472
40 472
40 472
40 472
40 472
40 472
40 472
40 472
40 472
40 472
40 472
40 472
40 473
40 473
40 473
40 473
40 474
40 474
48 62
48 62
48 63
48 63
48 63
48 63
48 63
48 63
48 63
48 63
48 63
48 63
48 63
48 63
48 63
48 64
48 64
48 65
48 65
48 65
48 65
48 65
48 65
48 65
48 65
48 65
48 64
48 64
48 64
48 64
48 64
48 64
48 64
48 64
48 64
48 64
48 64
48 64
48 64
48 64
48 64
48 64
48 64
48 64
48 64
48 64
48 64
48 65
48 65
48 65
48 65
48 65
48 65
48 65
48 65
48 65
48 65
48 65
48 65
48 65
48 65
48 65
48 65
48 65
48 65
48 65
48 65
48 65
48 65
48 65
48 65
48 65
48 65
48 65
48 65
48 65
48 65
48 65
48 65
48 65
48 65
48 65
48 65
48 65
48 65
48 65
48 65
48 65
48 64
48 64
48 64
48 64
48 64
48 64
48 65
48 65
48 65
48 65
48 64
48 64
30 743
30 743
30 743
30 744
30 744
30 744
30 744
30 744
30 744
30 744
30 744
30 744
30 744
30 744
30 744
30 744
30 744
30 744
30 744
30 744
30 744
30 744
30 744
30 744
30 744
30 744
30 744
30 744
30 744
30 743
30 744
30 744
30 744
30 744
30 744
30 744
30 744
30 743
30 743
30 743
30 743
30 743
30 743
30 743
30 743
30 744
30 744
30 744
30 744
30 744
30 744
30 744
30 744
30 744
30 744
30 744
30 744
30 744
30 744
30 744
30 744
30 744
30 744
30 744
30 744
30 744
30 744
30 744
30 744
30 744
30 744
30 744
30 744
30 744
30 744
30 744
30 744
30 744
30 744
30 744
30 744
30 744
30 744
30 744
30 744
30 744
30 744
30 744
30 744
30 744
30 744
30 744
30 744
30 744
30 744
30 744
30 744
30 744
30 744
30 744
40 474
40 474
40 474
40 474
40 474
40 474
40 474
40 474
40 474
40 474
40 474
40 474
40 474
40 474
40 474
40 474
40 474
40 474
40 474
40 474
40 474
40 474
40 474
40 474
40 474
40 474
40 474
40 474
40 474
40 474
40 474
40 474
40 474
40 474
40 474
40 474
40 474
40 474
40 474
40 474
40 474
40 474
40 474
40 474
40 474
40 474
40 474
40 474
40 474
40 474
40 473
40 473
40 473
40 473
40 473
40 472
40 472
40 472
40 472
40 472
40 472
40 472
40 472
40 471
40 471
40 471
40 471
40 471
40 471
40 471
40 471
40 471
40 471
40 471
40 470
40 469
40 469
40 469
40 469
40 469
40 469
40 468
40 468
40 468
40 468
40 468
40 468
40 467
40 467
40 467
40 467
40 467
40 467
40 467
40 467
40 467
40 467
40 467
40 467
40 467
31 103
31 103
31 103
31 103
31 103
31 103
31 102
31 102
31 102
31 102
31 102
31 102
31 102
31 102
31 102
31 102
31 102
31 102
31 102
31 102
31 102
31 102
31 102
31 102
31 102
31 102
31 102
31 102
31 102
31 102
31 102
31 102
31 102
31 102
31 102
31 102
31 102
31 102
31 102
31 102
31 102
31 102
31 102
31 102
31 102
31 101
31 100
31 100
31 99
31 99
31 99
31 100
31 100
31 100
31 100
31 100
31 100
31 100
31 100
31 100
31 99
31 99
31 99
31 99
31 99
31 99
31 99
31 99
31 99
31 99
31 99
31 99
31 99
31 99
31 99
31 99
31 99
31 99
31 99
31 99
31 99
31 99
31 99
31 99
31 99
31 99
31 99
31 99
31 99
31 99
31 100
31 100
31 100
31 100
31 100
31 100
31 100
31 100
31 100
31 100
3 399
3 399
3 399
3 399
3 399
3 399
3 399
3 399
3 399
3 399
3 398
3 398
3 398
3 398
3 398
3 398
3 398
3 398
3 397
3 397
3 397
3 397
3 397
3 397
3 397
3 397
3 397
3 397
3 397
3 397
3 397
3 397
3 397
3 397
3 397
3 397
3 397
3 397
3 397
3 397
3 397
3 397
3 397
3 397
3 397
3 397
3 397
3 397
3 397
3 397
3 397
3 397
3 397
3 397
3 397
3 397
3 397
3 397
3 397
3 397
3 397
3 397
3 397
3 397
3 397
3 397
3 398
3 398
3 398
3 398
3 398
3 398
3 398
3 398
3 398
3 398
3 398
3 398
3 398
3 398
3 398
3 398
3 398
3 398
3 398
3 398
3 398
3 398
3 398
3 398
3 398
3 399
3 399
3 399
3 399
3 399
3 399
3 399
3 399
3 399
10 273
10 274
10 274
10 274
10 274
10 274
10 274
10 274
10 274
10 274
10 274
10 274
10 274
10 274
10 274
10 274
10 274
10 274
10 274
10 274
10 274
10 274
10 274
10 274
10 274
10 274
10 274
10 274
10 274
10 274
10 274
10 274
10 274
10 274
10 274
10 274
10 274
10 274
10 274
10 274
10 274
10 274
10 274
10 274
10 274
10 274
10 274
10 274
10 274
10 274
10 274
10 274
10 274
10 274
10 274
10 274
10 274
10 274
10 274
10 274
10 274
10 274
10 274
10 274
10 274
10 274
10 274
10 274
10 274
10 274
10 274
10 274
10 274
10 274
10 274
10 274
10 274
10 274
10 273
10 273
10 273
10 273
10 273
10 273
10 273
10 273
10 273
10 273
10 273
10 273
10 273
10 273
10 273
10 273
10 273
10 273
10 273
10 273
10 273
10 273
48 64
48 64
48 64
48 64
48 64
48 64
48 64
48 64
48 64
48 64
48 64
48 64
48 64
48 64
48 64
48 64
48 64
48 64
48 64
48 64
48 64
48 64
48 64
48 64
48 64
48 64
48 64
48 64
48 64
48 64
48 64
48 64
48 64
48 64
48 64
48 64
48 64
48 64
48 64
48 64
48 64
48 64
48 64
48 64
48 64
48 64
48 64
48 64
48 63
48 64
48 64
48 64
48 64
48 64
48 64
48 64
48 64
48 64
48 64
48 64
48 64
48 64
48 64
48 64
48 63
48 62
48 62
48 62
48 63
48 63
48 63
48 63
48 63
48 62
48 62
48 62
48 62
48 62
48 62
48 62
48 62
48 61
48 61
48 61
48 61
48 61
48 61
48 61
48 61
48 61
48 61
48 61
48 61
48 61
48 61
48 61
48 61
48 61
48 61
48 61
33 447
33 447
33 447
33 446
33 446
33 446
33 446
33 446
33 446
33 446
33 446
33 446
33 446
33 446
33 446
33 446
33 446
33 446
33 446
33 446
33 446
33 446
33 446
33 446
33 446
33 446
33 446
33 446
33 446
33 446
33 446
33 446
33 446
33 446
33 446
33 446
33 446
33 446
33 446
33 446
33 446
33 446
33 446
33 446
33 446
33 446
33 446
33 446
33 446
33 446
33 446
33 446
33 446
33 446
33 446
33 446
33 446
33 446
33 446
33 446
33 446
33 446
33 446
33 446
33 446
33 446
33 446
33 446
33 446
33 446
33 446
33 446
33 446
33 446
33 446
33 446
33 446
33 446
33 446
33 446
33 446
33 446
33 446
33 446
33 446
33 446
33 446
33 446
33 446
33 446
33 447
33 447
33 448
33 448
33 448
33 448
33 448
33 448
33 447
33 447
21 306
21 306
21 306
21 307
21 307
21 307
21 307
21 307
21 307
21 307
21 307
21 307
21 307
21 307
21 307
21 307
21 307
21 307
21 307
21 307
21 307
21 307
21 307
21 307
21 307
21 307
21 307
21 307
21 307
21 308
21 308
21 308
21 308
21 308
21 308
21 308
21 308
21 308
21 308
21 308
21 308
21 308
21 308
21 308
21 308
21 308
21 308
21 308
21 308
21 308
21 308
21 308
21 308
21 308
21 308
21 308
21 308
21 308
21 308
21 308
21 308
21 308
21 308
21 308
21 308
21 308
21 308
21 308
21 308
21 308
21 308
21 308
21 308
21 308
21 308
21 308
21 308
21 308
21 308
21 308
21 308
21 308
21 308
21 308
21 308
21 308
21 308
21 308
21 308
21 309
21 309
21 309
21 309
21 309
21 309
21 309
21 309
21 309
21 309
21 309
22 278
22 278
22 278
22 278
22 278
22 278
22 278
22 278
22 278
22 278
22 278
22 278
22 277
22 277
22 277
22 277
22 277
22 277
22 277
22 277
22 277
22 277
22 277
22 278
22 278
22 278
22 278
22 278
22 278
22 278
22 278
22 278
22 278
22 278
22 278
22 278
22 278
22 278
22 278
22 278
22 278
22 278
22 278
22 278
22 278
22 278
22 278
22 278
22 278
22 278
22 278
22 278
22 278
22 277
22 277
22 277
22 277
22 277
22 277
22 277
22 277
22 277
22 277
22 277
22 277
22 277
22 277
22 277
22 277
22 277
22 277
22 276
22 276
22 276
22 276
22 276
22 276
22 276
22 276
22 276
22 276
22 276
22 276
22 276
22 276
22 276
22 276
22 276
22 276
22 276
22 276
22 276
22 276
22 276
22 276
22 276
22 276
22 276
22 276
22 276
6 548
6 548
6 548
6 548
6 548
6 548
6 548
6 548
6 548
6 548
6 548
6 548
6 548
6 548
6 548
6 548
6 548
6 548
6 548
6 548
6 548
6 548
6 548
6 548
6 548
6 548
6 548
6 548
6 548
6 548
6 548
6 548
6 548
6 548
6 548
6 548
6 548
6 548
6 548
6 548
6 548
6 548
6 548
6 548
6 548
6 548
6 548
6 548
6 548
6 548
6 548
6 548
6 548
6 547
6 547
6 547
6 547
6 547
6 546
6 546
6 546
6 547
6 547
6 547
6 547
6 547
6 547
6 547
6 547
6 547
6 547
6 547
6 547
6 547
6 547
6 547
6 547
6 547
6 547
6 547
6 547
6 548
6 548
6 548
6 548
6 548
6 548
6 548
6 548
6 548
6 548
6 547
6 547
6 547
6 547
6 547
6 547
6 547
6 548
6 548
33 447
33 447
33 447
33 447
33 447
33 447
33 447
33 447
33 447
33 447
33 447
33 447
33 447
33 447
33 447
33 447
33 447
33 447
33 447
33 447
33 447
33 447
33 447
33 447
33 447
33 447
33 447
33 447
33 447
33 447
33 447
33 447
33 447
33 447
33 447
33 447
33 447
33 447
33 447
33 447
33 447
33 447
33 447
33 447
33 447
33 447
33 447
33 447
33 447
33 447
33 447
33 447
33 447
33 447
33 447
33 447
33 448
33 448
33 449
33 449
33 449
33 449
33 449
33 449
33 449
33 449
33 449
33 449
33 449
33 449
33 449
33 449
33 449
33 449
33 449
33 449
33 449
33 449
33 449
33 449
33 449
33 449
33 449
33 449
33 449
33 449
33 449
33 449
33 448
33 448
33 448
33 448
33 448
33 447
33 447
33 447
33 447
33 447
33 447
33 447
24 165
24 165
24 165
24 166
24 166
24 166
24 166
24 166
24 166
24 166
24 166
24 166
24 166
24 166
24 165
24 165
24 165
24 165
24 165
24 165
24 166
24 166
24 166
24 166
24 166
24 166
24 166
24 166
24 166
24 166
24 166
24 166
24 166
24 166
24 166
24 166
24 166
24 166
24 166
24 167
24 167
24 167
24 167
24 167
24 167
24 167
24 168
24 168
24 168
24 168
24 168
24 168
24 168
24 168
24 168
24 168
24 168
24 168
24 168
24 168
24 168
24 168
24 168
24 168
24 168
24 168
24 168
24 168
24 168
24 168
24 168
24 168
24 168
24 168
24 168
24 168
24 168
24 168
24 168
24 169
24 169
24 169
24 169
24 169
24 169
24 169
24 169
24 169
24 170
24 170
24 170
24 170
24 170
24 170
24 170
24 170
24 170
24 171
24 171
24 171
13 825
13 824
13 824
13 824
13 824
13 824
13 823
13 823
13 823
13 823
13 823
13 823
13 823
13 823
13 823
13 823
13 823
13 823
13 823
13 823
13 823
13 823
13 823
13 823
13 823
13 823
13 823
13 823
13 823
13 824
13 824
13 824
13 824
13 824
13 824
13 824
13 824
13 824
13 824
13 824
13 824
13 824
13 824
13 824
13 825
13 825
13 825
13 825
13 825
13 825
13 825
13 825
13 825
13 825
13 825
13 825
13 825
13 825
13 825
13 825
13 825
13 825
13 825
13 825
13 825
13 825
13 825
13 825
13 825
13 825
13 825
13 825
13 825
13 825
13 825
13 825
13 825
13 825
13 825
13 825
13 825
13 825
13 825
13 825
13 825
13 825
13 826
13 826
13 826
13 826
13 826
13 827
13 827
13 827
13 826
13 826
13 826
13 826
13 826
13 826
27 453
27 453
27 453
27 453
27 453
27 453
27 453
27 453
27 453
27 453
27 453
27 453
27 453
27 453
27 453
27 453
27 453
27 453
27 453
27 453
27 453
27 453
27 453
27 453
27 453
27 453
27 453
27 453
27 453
27 453
27 453
27 453
27 453
27 453
27 453
27 453
27 453
27 453
27 453
27 453
27 453
27 453
27 453
27 453
27 453
27 453
27 453
27 454
27 454
27 454
27 454
27 454
27 454
27 454
27 454
27 454
27 454
27 454
27 454
27 454
27 454
27 454
27 454
27 454
27 454
27 454
27 454
27 454
27 454
27 454
27 454
27 454
27 454
27 454
27 454
27 454
27 454
27 454
27 454
27 454
27 454
27 454
27 453
27 453
27 453
27 453
27 453
27 453
27 453
27 453
27 453
27 453
27 453
27 453
27 453
27 453
27 453
27 453
27 452
27 452
17 37
17 37
17 37
17 37
17 37
17 37
17 37
17 37
17 37
17 37
17 38
17 38
17 38
17 38
17 38
17 38
17 38
17 38
17 38
17 38
17 38
17 38
17 38
17 38
17 38
17 38
17 38
17 38
17 38
17 38
17 38
17 38
17 39
17 39
17 39
17 39
17 39
17 39
17 39
17 39
17 39
17 39
17 39
17 39
17 39
17 39
17 39
17 39
17 39
17 39
17 39
17 38
17 38
17 38
17 38
17 38
17 38
17 38
17 38
17 38
17 38
17 38
17 38
17 37
17 37
17 37
17 37
17 37
17 37
17 37
17 37
17 37
17 37
17 37
17 37
17 37
17 37
17 37
17 37
17 37
17 37
17 37
17 37
17 37
17 37
17 36
17 36
17 37
17 36
17 36
17 36
17 36
17 36
17 36
17 36
17 36
17 36
17 36
17 36
17 36
29 149
29 149
29 149
29 149
29 149
29 149
29 149
29 149
29 149
29 150
29 150
29 150
29 150
29 150
29 150
29 150
29 150
29 150
29 150
29 150
29 150
29 150
29 150
29 150
29 150
29 150
29 150
29 150
29 150
29 150
29 150
29 150
29 150
29 150
29 150
29 150
29 150
29 150
29 150
29 150
29 150
29 150
29 150
29 150
29 150
29 150
29 150
29 150
29 150
29 150
29 150
29 150
29 150
29 150
29 150
29 150
29 150
29 150
29 150
29 151
29 151
29 151
29 151
29 151
29 151
29 151
29 151
29 151
29 151
29 151
29 151
29 151
29 151
29 151
29 151
29 151
29 151
29 151
29 150
29 150
29 150
29 150
29 150
29 150
29 150
29 150
29 150
29 150
29 150
29 150
29 150
29 150
29 150
29 150
29 150
29 151
29 151
29 151
29 151
29 151
37 340
37 340
37 340
37 340
37 340
37 340
37 340
37 340
37 340
37 340
37 340
37 340
37 340
37 340
37 340
37 340
37 340
37 340
37 340
37 340
37 340
37 340
37 340
37 340
37 340
37 340
37 340
37 340
37 340
37 340
37 340
37 340
37 340
37 340
37 340
37 341
37 341
37 341
37 341
37 342
37 343
37 343
37 343
37 343
37 343
37 343
37 343
37 342
37 342
37 342
37 342
37 342
37 342
37 342
37 342
37 342
37 342
37 342
37 342
37 342
37 342
37 342
37 342
37 342
37 343
37 343
37 343
37 343
37 343
37 343
37 343
37 343
37 343
37 343
37 343
37 343
37 343
37 343
37 343
37 343
37 343
37 343
37 343
37 343
37 343
37 343
37 343
37 343
37 343
37 343
37 343
37 343
37 343
37 343
37 343
37 343
37 343
37 343
37 343
37 343
37 343
37 343
37 343
37 343
37 343
37 343
37 343
37 343
37 343
37 343
37 343
37 343
37 343
37 343
37 343
37 343
37 343
37 343
37 343
37 343
37 343
37 343
37 343
37 343
37 343
37 343
37 343
37 343
37 343
37 343
37 343
37 343
37 343
37 343
37 343
37 343
37 343
37 343
37 344
37 343
37 343
37 343
37 343
37 343
37 343
37 343
37 343
37 343
37 343
37 343
37 343
37 343
37 343
37 342
37 342
37 342
37 342
37 342
37 342
37 342
37 342
37 342
37 342
37 342
37 342
37 342
37 342
37 342
37 342
37 342
37 342
37 342
37 342
37 342
37 342
37 342
37 342
37 342
37 342
37 342
37 342
37 342
37 342
37 342
37 342
37 342
37 342
37 342
37 342
37 342
37 342
37 342
37 342
37 343
37 343
37 343
37 343
37 343
37 343
37 343
36 6
36 6
36 6
36 6
36 6
36 6
36 6
36 6
36 6
36 6
36 6
36 6
36 5
36 5
36 5
36 6
36 6
36 6
36 6
36 6
36 6
36 6
36 6
36 6
36 6
36 6
36 6
36 6
36 6
36 6
36 6
36 6
36 6
36 6
36 6
36 6
36 6
36 6
36 6
36 7
36 7
36 7
36 7
36 7
36 7
36 7
36 7
36 7
36 7
36 7
36 7
36 7
36 7
36 7
36 7
36 6
36 6
36 6
36 6
36 6
36 6
36 6
36 6
36 6
36 6
36 6
36 6
36 6
36 6
36 6
36 6
36 6
36 6
36 6
36 6
36 6
36 6
36 6
36 6
36 6
36 6
36 6
36 6
36 6
36 7
36 7
36 7
36 7
36 7
36 7
36 7
36 7
36 7
36 7
36 7
36 7
36 7
36 7
36 7
36 7
0 753
0 753
0 753
0 753
0 753
0 753
0 753
0 753
0 753
0 753
0 753
0 753
0 753
0 753
0 753
0 753
0 753
0 753
0 754
0 754
0 754
0 754
0 754
0 754
0 754
0 754
0 754
0 754
0 754
0 754
0 753
0 753
0 753
0 753
0 753
0 753
0 753
0 753
0 753
0 753
0 753
0 753
0 753
0 753
0 753
0 753
0 753
0 753
0 752
0 752
0 752
0 752
0 752
0 752
0 752
0 752
0 752
0 752
0 752
0 752
0 752
0 752
0 752
0 752
0 752
0 752
0 752
0 752
0 751
0 751
0 751
0 751
0 751
0 751
0 751
0 751
0 751
0 751
0 751
0 751
0 751
0 751
0 751
0 751
0 751
0 751
0 751
0 751
0 751
0 751
0 751
0 751
0 751
0 751
0 751
0 751
0 751
0 751
0 751
0 751
36 7
36 7
36 7
36 7
36 7
36 7
36 7
36 7
36 7
36 7
36 7
36 7
36 7
36 7
36 7
36 7
36 7
36 7
36 7
36 7
36 7
36 6
36 6
36 6
36 6
36 6
36 6
36 6
36 6
36 6
36 6
36 6
36 6
36 6
36 6
36 6
36 6
36 6
36 6
36 6
36 6
36 5
36 5
36 5
36 5
36 5
36 5
36 5
36 5
36 5
36 5
36 5
36 4
36 4
36 4
36 4
36 4
36 4
36 4
36 4
36 4
36 4
36 4
36 5
36 6
36 6
36 6
36 6
36 6
36 6
36 5
36 5
36 5
36 5
36 5
36 5
36 5
36 5
36 5
36 5
36 5
36 5
36 5
36 5
36 5
36 5
36 5
36 5
36 5
36 5
36 5
36 5
36 5
36 5
36 5
36 5
36 5
36 5
36 5
36 5
15 388
15 389
15 389
15 389
15 389
15 389
15 389
15 389
15 389
15 389
15 389
15 389
15 389
15 389
15 389
15 389
15 389
15 389
15 389
15 389
15 389
15 389
15 389
15 389
15 389
15 389
15 389
15 389
15 389
15 389
15 389
15 389
15 389
15 389
15 389
15 389
15 389
15 389
15 390
15 390
15 390
15 390
15 390
15 390
15 390
15 389
15 389
15 389
15 388
15 388
15 388
15 388
15 388
15 388
15 388
15 388
15 388
15 388
15 388
15 388
15 388
15 388
15 388
15 388
15 388
15 388
15 388
15 388
15 388
15 388
15 388
15 388
15 388
15 388
15 388
15 388
15 388
15 388
15 388
15 388
15 388
15 388
15 388
15 388
15 388
15 389
15 389
15 389
15 389
15 389
15 389
15 389
15 389
15 389
15 389
15 389
15 389
15 389
15 389
15 389
10 273
10 272
10 272
10 272
10 272
10 272
10 272
10 272
10 272
10 272
10 272
10 272
10 272
10 272
10 272
10 272
10 272
10 272
10 272
10 272
10 272
10 272
10 272
10 272
10 272
10 272
10 272
10 272
10 272
10 272
10 272
10 272
10 272
10 272
10 272
10 272
10 272
10 272
10 272
10 271
10 271
10 271
10 271
10 271
10 271
10 271
10 271
10 416
10 416
10 416
10 416
10 416
10 416
10 416
10 416
10 416
10 416
10 416
10 416
10 416
10 416
10 416
10 416
10 416
10 416
10 416
10 416
10 416
10 416
10 416
10 416
10 416
10 416
10 416
10 416
10 416
10 416
10 416
10 416
10 416
10 415
10 415
10 415
10 415
10 415
10 415
10 415
10 415
10 415
10 415
10 415
10 415
10 415
10 415
10 415
10 415
10 415
10 415
10 415
10 415
9 795
9 795
9 795
9 795
9 795
9 795
9 795
9 795
9 795
9 795
9 795
9 795
9 795
9 795
9 795
9 795
9 795
9 795
9 795
9 795
9 795
9 795
9 795
9 795
9 795
9 795
9 795
9 795
9 795
9 795
9 795
9 795
9 795
9 794
9 794
9 794
9 794
9 794
9 794
9 794
9 794
9 794
9 794
9 794
9 794
9 794
9 794
9 794
9 794
9 794
9 794
9 794
9 794
9 794
9 794
9 794
9 794
9 794
9 794
9 794
9 793
9 793
9 793
9 793
9 793
9 793
9 793
9 793
9 793
9 793
9 793
9 793
9 793
9 793
9 793
9 793
9 793
9 793
9 793
9 793
9 793
9 793
9 793
9 793
9 793
9 793
9 793
9 793
9 793
9 793
9 793
9 793
9 793
9 793
9 793
9 792
9 792
9 792
9 792
9 792
38 962
38 962
38 962
38 962
38 962
38 962
38 962
38 962
38 962
38 962
38 962
38 962
38 962
38 962
38 962
38 962
38 962
38 962
38 962
38 962
38 962
38 962
38 962
38 962
38 962
38 962
38 962
38 962
38 962
38 962
38 962
38 963
38 963
38 963
38 963
38 963
38 963
38 963
38 962
38 962
38 962
38 962
38 962
38 962
38 962
38 962
38 962
38 962
38 962
38 962
38 962
38 962
38 962
38 962
38 961
38 961
38 961
38 961
38 961
38 961
38 961
38 961
38 961
38 961
38 960
38 960
38 960
38 960
38 960
38 960
38 960
38 960
38 960
38 960
38 960
38 959
38 959
38 959
38 959
38 959
38 959
38 959
38 959
38 959
38 959
38 959
38 959
38 959
38 959
38 959
38 959
38 959
38 959
38 959
38 959
38 959
38 959
38 959
38 959
38 959
29 151
29 151
29 151
29 151
29 151
29 151
29 151
29 151
29 151
29 151
29 151
29 151
29 151
29 151
29 151
29 151
29 151
29 151
29 151
29 151
29 151
29 151
29 151
29 151
29 151
29 151
29 151
29 151
29 151
29 151
29 151
29 151
29 151
29 151
29 151
29 151
29 151
29 151
29 151
29 151
29 151
29 151
29 151
29 151
29 151
29 152
29 152
29 152
29 152
29 152
29 152
29 152
29 152
29 152
29 152
29 152
29 152
29 152
29 152
29 152
29 152
29 152
29 152
29 152
29 152
29 152
29 153
29 153
29 153
29 153
29 153
29 153
29 153
29 153
29 153
29 153
29 153
29 153
29 153
29 153
29 153
29 153
29 153
29 153
29 153
29 153
29 153
29 153
29 153
29 153
29 153
29 153
29 153
29 153
29 153
29 153
29 153
29 153
29 153
29 153
36 5
36 5
36 5
36 5
36 5
36 5
36 5
36 5
36 5
36 5
36 5
36 5
36 5
36 5
36 5
36 5
36 5
36 5
36 5
36 5
36 5
36 5
36 5
36 5
36 5
36 5
36 5
36 5
36 5
36 5
36 5
36 5
36 5
36 5
36 5
36 5
36 5
36 5
36 5
36 5
36 5
36 5
36 5
36 5
36 5
36 5
36 5
36 5
36 5
36 5
36 5
36 5
36 5
36 5
36 5
36 5
36 5
36 5
36 5
36 5
36 5
36 5
36 5
36 5
36 5
36 5
36 5
36 5
36 5
36 5
36 5
36 5
36 5
36 5
36 5
36 5
36 5
36 5
36 5
36 5
36 5
36 5
36 5
36 5
36 6
36 6
36 6
36 6
36 6
36 6
36 6
36 6
36 6
36 6
36 6
36 6
36 6
36 6
36 6
36 6
29 153
29 153
29 153
29 153
29 153
29 153
29 153
29 153
29 153
29 153
29 153
29 153
29 153
29 153
29 153
29 153
29 153
29 153
29 153
29 153
29 153
29 153
29 153
29 153
29 153
29 153
29 153
29 153
29 153
29 153
29 153
29 153
29 153
29 153
29 153
29 153
29 153
29 153
29 153
29 153
29 153
29 153
29 153
29 153
29 153
29 153
29 153
29 153
29 153
29 153
29 153
29 153
29 153
29 153
29 153
29 153
29 153
29 153
29 152
29 152
29 152
29 152
29 152
29 152
29 152
29 152
29 152
29 152
29 152
29 152
29 152
29 152
29 152
29 152
29 152
29 152
29 151
29 151
29 151
29 151
29 151
29 151
29 151
29 151
29 151
29 151
29 151
29 151
29 151
29 151
29 151
29 151
29 151
29 151
29 151
29 151
29 151
29 151
29 151
29 151
28 644
28 644
28 644
28 644
28 644
28 644
28 644
28 644
28 644
28 644
28 644
28 644
28 644
28 644
28 644
28 644
28 644
28 643
28 643
28 643
28 643
28 643
28 643
28 643
28 643
28 643
28 642
28 642
28 642
28 642
28 642
28 642
28 642
28 642
28 642
28 642
28 642
28 642
28 642
28 642
28 642
28 642
28 642
28 642
28 642
28 642
28 642
28 642
28 642
28 642
28 642
28 642
28 642
28 642
28 642
28 642
28 642
28 642
28 642
28 642
28 642
28 642
28 642
28 642
28 642
28 642
28 642
28 642
28 642
28 642
28 642
28 642
28 642
28 642
28 642
28 642
28 642
28 642
28 642
28 642
28 642
28 642
28 642
28 642
28 642
28 642
28 642
28 642
28 642
28 642
28 642
28 642
28 641
28 645
28 645
28 645
28 645
28 645
28 645
28 645
27 452
27 452
27 452
27 452
27 452
27 452
27 452
27 452
27 453
27 453
27 453
27 453
27 453
27 453
27 453
27 453
27 453
27 453
27 452
27 452
27 452
27 452
27 452
27 452
27 452
27 452
27 452
27 452
27 452
27 452
27 451
27 451
27 451
27 451
27 451
27 451
27 452
27 452
27 452
27 453
27 453
27 453
27 453
27 453
27 453
27 453
27 453
27 453
27 453
27 453
27 453
27 453
27 453
27 453
27 453
27 453
27 453
27 453
27 453
27 453
27 453
27 453
27 453
27 453
27 453
27 453
27 453
27 453
27 453
27 453
27 453
27 453
27 453
27 453
27 453
27 453
27 453
27 453
27 453
27 453
27 453
27 454
27 454
27 454
27 454
27 454
27 454
27 454
27 454
27 454
27 454
27 454
27 454
27 454
27 454
27 454
27 454
27 454
27 454
27 454
27 454
27 453
27 453
27 453
27 453
27 453
27 453
27 453
27 453
27 453
27 453
27 453
27 453
27 453
27 453
27 453
27 454
27 454
27 454
27 454
27 454
27 454
27 454
27 454
27 454
27 454
27 454
27 454
27 454
27 454
27 454
27 454
27 454
27 454
27 454
27 454
27 454
27 454
27 454
27 454
27 454
27 454
27 454
27 454
27 454
27 454
27 454
27 454
27 454
27 454
27 454
27 454
27 454
27 454
27 454
27 454
27 454
27 454
27 454
27 454
27 454
27 454
27 454
27 454
27 454
27 453
27 453
27 453
27 453
27 453
27 453
27 453
27 453
27 453
27 453
27 453
27 453
27 453
27 453
27 453
27 453
27 453
27 453
27 453
27 453
27 453
27 453
27 453
27 453
27 453
27 453
27 453
27 453
27 453
27 453
27 453
27 453
27 453
27 453
27 454
8 913
8 913
8 913
8 913
8 913
8 913
8 913
8 913
8 913
8 913
8 913
8 913
8 913
8 913
8 913
8 913
8 913
8 913
8 913
8 914
8 914
8 914
8 914
8 914
8 914
8 914
8 914
8 914
8 914
8 914
8 914
8 913
8 913
8 913
8 913
8 913
8 913
8 913
8 913
8 913
8 913
8 913
8 913
8 913
8 913
8 913
8 913
8 913
8 912
8 912
8 912
8 912
8 911
8 911
8 911
8 911
8 911
8 911
8 911
8 911
8 912
8 912
8 912
8 912
8 912
8 912
8 912
8 913
8 913
8 913
8 913
8 913
8 913
8 913
8 913
8 913
8 913
8 913
8 912
8 912
8 912
8 911
8 911
8 911
8 911
8 911
8 911
8 911
8 911
8 911
8 911
8 911
8 911
8 911
8 911
8 912
8 912
8 912
8 912
8 912
17 36
17 36
17 36
17 36
17 36
17 36
17 36
17 36
17 35
17 35
17 35
17 36
17 36
17 36
17 36
17 35
17 35
17 36
17 36
17 36
17 36
17 36
17 36
17 36
17 36
17 36
17 36
17 36
17 36
17 36
17 36
17 36
17 36
17 36
17 36
17 36
17 36
17 36
17 36
17 36
17 36
17 36
17 36
17 36
17 36
17 36
17 36
17 36
17 36
17 36
17 36
17 36
17 36
17 36
17 36
17 36
17 36
17 36
17 36
17 36
17 36
17 36
17 36
17 36
17 36
17 36
17 36
17 36
17 36
17 36
17 36
17 36
17 36
17 36
17 36
17 36
17 36
17 36
17 36
17 36
17 36
17 36
17 36
17 36
17 36
17 36
17 36
17 36
17 36
17 36
17 36
17 36
17 36
17 36
17 36
17 36
17 36
17 36
17 36
17 36
10 415
10 415
10 415
10 415
10 415
10 415
10 415
10 415
10 415
10 415
10 415
10 415
10 415
10 415
10 414
10 414
10 414
10 414
10 414
10 414
10 414
10 414
10 414
10 414
10 414
10 414
10 414
10 414
10 414
10 414
10 414
10 415
10 415
10 415
10 415
10 415
10 415
10 415
10 415
10 415
10 415
10 415
10 415
10 415
10 415
10 415
10 415
10 415
10 415
10 415
10 415
10 415
10 415
10 415
10 415
10 415
10 415
10 415
10 415
10 415
10 415
10 415
10 415
10 415
10 415
10 415
10 415
10 415
10 415
10 415
10 415
10 415
10 415
10 415
10 415
10 415
10 415
10 415
10 415
10 415
10 415
10 415
10 415
10 415
10 415
10 415
10 415
10 415
10 415
10 415
10 415
10 415
10 415
10 415
10 415
10 415
10 415
10 415
10 415
10 415
14 883
14 883
14 884
14 884
14 884
14 884
14 884
14 884
14 884
14 884
14 884
14 884
14 884
14 884
14 884
14 884
14 884
14 884
14 884
14 884
14 884
14 884
14 884
14 884
14 884
14 884
14 884
14 884
14 884
14 884
14 884
14 884
14 884
14 884
14 884
14 884
14 884
14 884
14 884
14 884
14 884
14 884
14 884
14 884
14 884
14 884
14 884
14 884
14 884
14 884
14 884
14 884
14 884
14 884
14 884
14 884
14 884
14 884
14 884
14 884
14 884
14 884
14 884
14 884
14 884
14 884
14 884
14 884
14 884
14 884
14 884
14 884
14 884
14 885
14 885
14 885
14 885
14 885
14 885
14 885
14 885
14 885
14 885
14 885
14 885
14 885
14 885
14 885
14 885
14 885
14 885
14 885
14 885
14 885
14 885
14 885
14 885
14 885
14 885
14 885